trial_id,trial_mode,algorithm,comm_model,comm_level,grid_size,grid_cells,robot_count,target_count,condition_id,scenario_file,completed_target_count,all_targets_visited,final_target_completion_time_s,final_target_completion_sim_time_s,duplicate_target_visits,target_conflicts,task_cell_revisits_total,total_team_steps,max_robot_steps,unique_cells_visited,system_revisits,task_cell_replans_total,path_replans_total,collision_prevention_events,events_processed,stall_recoveries_total,messages_sent_total,messages_delivered_total,messages_dropped_total,protected_messages_sent_total,unprotected_messages_sent_total,core_messages_sent_total,allocation_messages_sent_total,message_drop_fraction,messages_per_completed_target,allocation_messages_per_completed_target,messages_sent_by_topic,workload_gini_targets_found,workload_gini_unique_cells_contributed,benchmark_suite,num_targets,num_robots,commitment_horizon
0,known_visit,HIPC,rayleigh_style,-52.15,19,361,4,10,hipc_rayleigh_style_sens_neg52_15,known_visit_g19_t10_n500.csv,10,True,56.90208426368792,56.90208426368792,0,0,0,51,33,55,0,0,0,0,393,0,150,407,40,52,98,107,43,0.13745704467353953,15.0,4.3,collision_intent:52;hipc_entry:43;state:55,0.6000000000000001,0.5318181818181817,known_visit_core_500,10,4,8
1,known_visit,HIPC,rayleigh_style,-52.15,19,361,4,10,hipc_rayleigh_style_sens_neg52_15,known_visit_g19_t10_n500.csv,10,True,47.65892052494148,47.65892052494148,0,0,0,42,28,46,0,0,0,0,331,0,139,395,21,44,95,90,49,0.07394366197183098,13.9,4.9,collision_intent:44;hipc_entry:49;state:46,0.6000000000000001,0.5,known_visit_core_500,10,4,8
2,known_visit,HIPC,rayleigh_style,-52.15,19,361,4,10,hipc_rayleigh_style_sens_neg52_15,known_visit_g19_t10_n500.csv,10,True,55.05318218945114,55.05318218945114,1,1,1,55,32,57,2,0,0,0,373,0,153,415,41,57,96,116,37,0.14385964912280702,15.3,3.7,collision_intent:57;hipc_entry:37;state:59,0.6000000000000001,0.45175438596491224,known_visit_core_500,10,4,8
3,known_visit,HIPC,rayleigh_style,-52.15,19,361,4,10,hipc_rayleigh_style_sens_neg52_15,known_visit_g19_t10_n500.csv,10,True,47.73000356846259,47.73000356846259,0,0,0,50,28,54,0,0,0,0,322,0,143,395,32,51,92,105,38,0.11678832116788321,14.3,3.8,collision_intent:51;hipc_entry:38;state:54,0.5,0.4907407407407407,known_visit_core_500,10,4,8
4,known_visit,HIPC,rayleigh_style,-52.15,19,361,4,10,hipc_rayleigh_style_sens_neg52_15,known_visit_g19_t10_n500.csv,10,True,68.65105114801571,68.65105114801571,0,0,0,43,39,47,0,1,0,0,499,0,155,426,37,44,111,91,64,0.11178247734138973,15.5,6.4,collision_intent:44;hipc_entry:64;state:47,0.75,0.6436170212765957,known_visit_core_500,10,4,8
5,known_visit,HIPC,rayleigh_style,-52.15,19,361,4,10,hipc_rayleigh_style_sens_neg52_15,known_visit_g19_t10_n500.csv,10,True,72.16107083718016,72.16107083718016,0,0,0,47,42,51,0,0,0,0,524,0,191,519,51,50,141,101,90,0.12142857142857143,19.1,9.0,collision_intent:50;hipc_entry:90;state:51,0.7,0.6127450980392157,known_visit_core_500,10,4,8
6,known_visit,HIPC,rayleigh_style,-52.15,19,361,4,10,hipc_rayleigh_style_sens_neg52_15,known_visit_g19_t10_n500.csv,10,True,59.799673703378964,59.799673703378964,0,0,0,46,35,50,0,0,0,0,423,0,162,441,43,48,114,98,64,0.1264705882352941,16.2,6.4,collision_intent:48;hipc_entry:64;state:50,0.5,0.56,known_visit_core_500,10,4,8
7,known_visit,HIPC,rayleigh_style,-52.15,19,361,4,10,hipc_rayleigh_style_sens_neg52_15,known_visit_g19_t10_n500.csv,10,True,52.781747313311605,52.781747313311605,0,0,0,45,30,49,0,0,0,0,371,0,169,468,39,47,122,96,73,0.10655737704918032,16.9,7.3,collision_intent:47;hipc_entry:73;state:49,0.6000000000000001,0.5255102040816326,known_visit_core_500,10,4,8
8,known_visit,HIPC,rayleigh_style,-52.15,19,361,4,10,hipc_rayleigh_style_sens_neg52_15,known_visit_g19_t10_n500.csv,10,True,73.29324209939918,73.29324209939918,0,0,0,59,42,63,0,0,0,0,513,0,163,456,30,61,102,124,39,0.09900990099009901,16.3,3.9,collision_intent:61;hipc_entry:39;state:63,0.5,0.5436507936507937,known_visit_core_500,10,4,8
9,known_visit,HIPC,rayleigh_style,-52.15,19,361,4,10,hipc_rayleigh_style_sens_neg52_15,known_visit_g19_t10_n500.csv,10,True,91.30384831066162,91.30384831066162,0,0,0,65,52,68,1,0,0,0,649,0,183,496,50,66,117,135,48,0.14367816091954022,18.3,4.8,collision_intent:66;hipc_entry:48;state:69,0.6499999999999999,0.6102941176470589,known_visit_core_500,10,4,8
10,known_visit,HIPC,rayleigh_style,-52.15,19,361,4,10,hipc_rayleigh_style_sens_neg52_15,known_visit_g19_t10_n500.csv,10,True,62.04914901494439,62.04914901494439,0,0,0,47,36,51,0,0,0,0,437,0,142,398,26,49,93,100,42,0.09386281588447654,14.2,4.2,collision_intent:49;hipc_entry:42;state:51,0.55,0.553921568627451,known_visit_core_500,10,4,8
11,known_visit,HIPC,rayleigh_style,-52.15,19,361,4,10,hipc_rayleigh_style_sens_neg52_15,known_visit_g19_t10_n500.csv,10,True,40.53161763536023,40.53161763536023,0,0,0,60,24,64,0,3,0,0,250,0,233,653,43,65,168,129,104,0.08582834331337326,23.3,10.4,collision_intent:65;hipc_entry:104;state:64,0.1499999999999999,0.171875,known_visit_core_500,10,4,8
12,known_visit,HIPC,rayleigh_style,-52.15,19,361,4,10,hipc_rayleigh_style_sens_neg52_15,known_visit_g19_t10_n500.csv,10,True,76.11918709735951,76.11918709735951,0,0,0,63,44,67,0,1,0,0,529,0,197,535,53,65,132,132,65,0.13486005089058525,19.7,6.5,collision_intent:65;hipc_entry:65;state:67,0.7,0.5485074626865671,known_visit_core_500,10,4,8
13,known_visit,HIPC,rayleigh_style,-52.15,19,361,4,10,hipc_rayleigh_style_sens_neg52_15,known_visit_g19_t10_n500.csv,10,True,91.85373754182746,91.85373754182746,0,0,0,57,53,61,0,0,0,0,666,0,167,455,43,58,109,119,48,0.13271604938271606,16.7,4.8,collision_intent:58;hipc_entry:48;state:61,0.7,0.6680327868852458,known_visit_core_500,10,4,8
14,known_visit,HIPC,rayleigh_style,-52.15,19,361,4,10,hipc_rayleigh_style_sens_neg52_15,known_visit_g19_t10_n500.csv,10,True,52.744665379750074,52.744665379750074,0,0,0,57,31,61,0,0,0,0,352,0,198,557,34,60,138,121,77,0.0827250608272506,19.8,7.7,collision_intent:60;hipc_entry:77;state:61,0.6000000000000001,0.46311475409836067,known_visit_core_500,10,4,8
15,known_visit,HIPC,rayleigh_style,-52.15,19,361,4,10,hipc_rayleigh_style_sens_neg52_15,known_visit_g19_t10_n500.csv,10,True,91.65285167391465,91.65285167391465,0,0,0,60,53,64,0,2,0,0,658,0,193,529,47,62,131,126,67,0.12051282051282051,19.3,6.7,collision_intent:62;hipc_entry:67;state:64,0.7,0.640625,known_visit_core_500,10,4,8
16,known_visit,HIPC,rayleigh_style,-52.15,19,361,4,10,hipc_rayleigh_style_sens_neg52_15,known_visit_g19_t10_n500.csv,10,True,52.925558017822105,52.925558017822105,0,0,0,48,28,52,0,0,0,0,363,0,144,398,32,52,92,104,40,0.11678832116788321,14.4,4.0,collision_intent:52;hipc_entry:40;state:52,0.25,0.3653846153846154,known_visit_core_500,10,4,8
17,known_visit,HIPC,rayleigh_style,-52.15,19,361,4,10,hipc_rayleigh_style_sens_neg52_15,known_visit_g19_t10_n500.csv,10,True,83.57302495455328,83.57302495455328,0,0,0,57,48,61,0,1,0,0,598,0,175,469,53,58,117,119,56,0.15229885057471265,17.5,5.6,collision_intent:58;hipc_entry:56;state:61,0.7,0.6270491803278688,known_visit_core_500,10,4,8
18,known_visit,HIPC,rayleigh_style,-52.15,19,361,4,10,hipc_rayleigh_style_sens_neg52_15,known_visit_g19_t10_n500.csv,10,True,54.2975288658348,54.2975288658348,0,0,0,51,31,55,0,0,0,0,368,0,158,435,37,53,105,108,50,0.1182108626198083,15.8,5.0,collision_intent:53;hipc_entry:50;state:55,0.5,0.49545454545454537,known_visit_core_500,10,4,8
19,known_visit,HIPC,rayleigh_style,-52.15,19,361,4,10,hipc_rayleigh_style_sens_neg52_15,known_visit_g19_t10_n500.csv,10,True,82.70500165164135,82.70500165164135,0,0,0,54,48,58,0,0,0,0,595,0,164,447,42,56,108,114,50,0.1308411214953271,16.4,5.0,collision_intent:56;hipc_entry:50;state:58,0.7,0.6293103448275863,known_visit_core_500,10,4,8
20,known_visit,HIPC,rayleigh_style,-52.15,19,361,4,10,hipc_rayleigh_style_sens_neg52_15,known_visit_g19_t10_n500.csv,10,True,42.85718732237341,42.85718732237341,0,0,0,61,25,65,0,1,3,2,270,0,233,656,41,66,167,131,102,0.08216432865731463,23.3,10.2,collision_intent:66;hipc_entry:102;state:65,0.25,0.226923076923077,known_visit_core_500,10,4,8
21,known_visit,HIPC,rayleigh_style,-52.15,19,361,4,10,hipc_rayleigh_style_sens_neg52_15,known_visit_g19_t10_n500.csv,10,True,65.51723676262857,65.51723676262857,0,0,0,50,38,54,0,0,0,0,465,0,179,496,40,53,126,107,72,0.10610079575596817,17.9,7.2,collision_intent:53;hipc_entry:72;state:54,0.6000000000000001,0.5462962962962963,known_visit_core_500,10,4,8
22,known_visit,HIPC,rayleigh_style,-52.15,19,361,4,10,hipc_rayleigh_style_sens_neg52_15,known_visit_g19_t10_n500.csv,10,True,67.60183429251123,67.60183429251123,0,0,0,45,39,49,0,1,0,0,486,0,143,390,37,46,97,95,48,0.12802768166089964,14.3,4.8,collision_intent:46;hipc_entry:48;state:49,0.6499999999999999,0.6275510204081634,known_visit_core_500,10,4,8
23,known_visit,HIPC,rayleigh_style,-52.15,19,361,4,10,hipc_rayleigh_style_sens_neg52_15,known_visit_g19_t10_n500.csv,10,True,57.687683470665206,57.687683470665206,0,0,0,53,33,57,0,0,0,0,396,0,142,392,33,56,86,113,29,0.12840466926070038,14.2,2.9,collision_intent:56;hipc_entry:29;state:57,0.3999999999999999,0.4605263157894737,known_visit_core_500,10,4,8
24,known_visit,HIPC,rayleigh_style,-52.15,19,361,4,10,hipc_rayleigh_style_sens_neg52_15,known_visit_g19_t10_n500.csv,10,True,83.81711238528038,83.81711238528038,0,0,0,54,48,57,1,0,0,0,604,0,153,414,43,55,98,113,40,0.14726027397260275,15.3,4.0,collision_intent:55;hipc_entry:40;state:58,0.6499999999999999,0.644736842105263,known_visit_core_500,10,4,8
25,known_visit,HIPC,rayleigh_style,-52.15,19,361,4,10,hipc_rayleigh_style_sens_neg52_15,known_visit_g19_t10_n500.csv,10,True,48.88379488949508,48.88379488949508,0,0,0,45,29,49,0,0,0,0,337,0,134,379,21,47,87,96,38,0.08108108108108109,13.4,3.8,collision_intent:47;hipc_entry:38;state:49,0.55,0.5051020408163265,known_visit_core_500,10,4,8
26,known_visit,HIPC,rayleigh_style,-52.15,19,361,4,10,hipc_rayleigh_style_sens_neg52_15,known_visit_g19_t10_n500.csv,10,True,69.63966519045096,69.63966519045096,3,3,3,76,39,75,5,0,0,0,462,0,212,568,65,81,131,161,51,0.16666666666666666,21.2,5.1,collision_intent:81;hipc_entry:51;state:80,0.6000000000000001,0.3833333333333333,known_visit_core_500,10,4,8
27,known_visit,HIPC,rayleigh_style,-52.15,19,361,4,10,hipc_rayleigh_style_sens_neg52_15,known_visit_g19_t10_n500.csv,10,True,29.085299098617842,29.085299098617842,0,0,0,34,17,38,0,1,0,0,193,0,118,335,18,36,82,74,44,0.07346938775510205,11.8,4.4,collision_intent:36;hipc_entry:44;state:38,0.55,0.42105263157894735,known_visit_core_500,10,4,8
28,known_visit,HIPC,rayleigh_style,-52.15,19,361,4,10,hipc_rayleigh_style_sens_neg52_15,known_visit_g19_t10_n500.csv,10,True,71.56191860921217,71.56191860921217,1,1,1,64,37,67,1,0,0,0,489,0,176,478,47,67,109,135,41,0.14506172839506173,17.6,4.1,collision_intent:67;hipc_entry:41;state:68,0.44999999999999996,0.49626865671641784,known_visit_core_500,10,4,8
29,known_visit,HIPC,rayleigh_style,-52.15,19,361,4,10,hipc_rayleigh_style_sens_neg52_15,known_visit_g19_t10_n500.csv,10,True,50.35909033604542,50.35909033604542,0,0,0,55,30,59,0,0,0,0,335,0,154,428,33,56,98,115,39,0.11262798634812286,15.4,3.9,collision_intent:56;hipc_entry:39;state:59,0.5,0.4872881355932204,known_visit_core_500,10,4,8
30,known_visit,HIPC,rayleigh_style,-52.15,19,361,4,10,hipc_rayleigh_style_sens_neg52_15,known_visit_g19_t10_n500.csv,10,True,73.0929271897765,73.0929271897765,0,0,0,46,42,50,0,0,0,0,529,0,145,394,39,47,98,97,48,0.13356164383561644,14.5,4.8,collision_intent:47;hipc_entry:48;state:50,0.7,0.6499999999999999,known_visit_core_500,10,4,8
31,known_visit,HIPC,rayleigh_style,-52.15,19,361,4,10,hipc_rayleigh_style_sens_neg52_15,known_visit_g19_t10_n500.csv,10,True,84.02833158388567,84.02833158388567,0,0,0,63,48,67,0,0,0,0,594,0,178,497,34,65,113,132,46,0.10119047619047619,17.8,4.6,collision_intent:65;hipc_entry:46;state:67,0.6000000000000001,0.585820895522388,known_visit_core_500,10,4,8
32,known_visit,HIPC,rayleigh_style,-52.15,19,361,4,10,hipc_rayleigh_style_sens_neg52_15,known_visit_g19_t10_n500.csv,10,True,52.184727888803,52.184727888803,0,0,0,56,30,60,0,0,0,0,349,0,190,519,48,59,131,119,71,0.12307692307692308,19.0,7.1,collision_intent:59;hipc_entry:71;state:60,0.55,0.45833333333333326,known_visit_core_500,10,4,8
33,known_visit,HIPC,rayleigh_style,-52.15,19,361,4,10,hipc_rayleigh_style_sens_neg52_15,known_visit_g19_t10_n500.csv,10,True,46.6466887219691,46.6466887219691,0,0,0,54,27,58,0,0,0,0,307,0,159,432,44,55,104,113,46,0.1414790996784566,15.9,4.6,collision_intent:55;hipc_entry:46;state:58,0.5,0.4568965517241379,known_visit_core_500,10,4,8
34,known_visit,HIPC,rayleigh_style,-52.15,19,361,4,10,hipc_rayleigh_style_sens_neg52_15,known_visit_g19_t10_n500.csv,10,True,45.46029835490106,45.46029835490106,0,0,0,34,26,38,0,0,0,0,325,0,103,278,29,36,67,74,29,0.1457286432160804,10.3,2.9,collision_intent:36;hipc_entry:29;state:38,0.44999999999999996,0.5263157894736843,known_visit_core_500,10,4,8
35,known_visit,HIPC,rayleigh_style,-52.15,19,361,4,10,hipc_rayleigh_style_sens_neg52_15,known_visit_g19_t10_n500.csv,10,True,60.51785357257131,60.51785357257131,0,0,0,49,36,53,0,2,0,0,424,0,185,481,72,51,134,104,81,0.18,18.5,8.1,collision_intent:51;hipc_entry:81;state:53,0.55,0.5518867924528301,known_visit_core_500,10,4,8
36,known_visit,HIPC,rayleigh_style,-52.15,19,361,4,10,hipc_rayleigh_style_sens_neg52_15,known_visit_g19_t10_n500.csv,10,True,66.15087425844814,66.15087425844814,0,0,0,43,38,47,0,0,0,0,478,0,136,384,23,45,91,92,44,0.08455882352941177,13.6,4.4,collision_intent:45;hipc_entry:44;state:47,0.6000000000000001,0.6117021276595744,known_visit_core_500,10,4,8
37,known_visit,HIPC,rayleigh_style,-52.15,19,361,4,10,hipc_rayleigh_style_sens_neg52_15,known_visit_g19_t10_n500.csv,10,True,64.76744307470587,64.76744307470587,0,0,0,46,37,50,0,0,0,0,460,0,137,384,26,47,90,97,40,0.09665427509293681,13.7,4.0,collision_intent:47;hipc_entry:40;state:50,0.6499999999999999,0.6000000000000001,known_visit_core_500,10,4,8
38,known_visit,HIPC,rayleigh_style,-52.15,19,361,4,10,hipc_rayleigh_style_sens_neg52_15,known_visit_g19_t10_n500.csv,10,True,81.35650904739617,81.35650904739617,2,2,2,65,46,66,3,0,0,0,571,0,210,568,59,68,142,137,73,0.13947990543735225,21.0,7.3,collision_intent:68;hipc_entry:73;state:69,0.7,0.5378787878787878,known_visit_core_500,10,4,8
39,known_visit,HIPC,rayleigh_style,-52.15,19,361,4,10,hipc_rayleigh_style_sens_neg52_15,known_visit_g19_t10_n500.csv,10,True,76.49488946845128,76.49488946845128,0,0,0,54,45,58,0,1,0,0,546,0,163,425,61,57,106,115,48,0.19365079365079366,16.3,4.8,collision_intent:57;hipc_entry:48;state:58,0.44999999999999996,0.5603448275862069,known_visit_core_500,10,4,8
40,known_visit,HIPC,rayleigh_style,-52.15,19,361,4,10,hipc_rayleigh_style_sens_neg52_15,known_visit_g19_t10_n500.csv,10,True,57.44442993184872,57.44442993184872,0,0,0,52,34,56,0,0,0,0,395,0,163,437,50,54,109,110,53,0.15384615384615385,16.3,5.3,collision_intent:54;hipc_entry:53;state:56,0.55,0.5267857142857142,known_visit_core_500,10,4,8
41,known_visit,HIPC,rayleigh_style,-52.15,19,361,4,10,hipc_rayleigh_style_sens_neg52_15,known_visit_g19_t10_n500.csv,10,True,82.80023336285788,82.80023336285788,0,0,0,58,47,62,0,0,0,0,590,0,179,495,40,61,118,123,56,0.11363636363636363,17.9,5.6,collision_intent:61;hipc_entry:56;state:62,0.6000000000000001,0.5806451612903225,known_visit_core_500,10,4,8
42,known_visit,HIPC,rayleigh_style,-52.15,19,361,4,10,hipc_rayleigh_style_sens_neg52_15,known_visit_g19_t10_n500.csv,10,True,98.96809406174614,98.96809406174614,0,0,0,61,57,65,0,0,0,0,715,0,188,508,53,63,125,128,60,0.1424731182795699,18.8,6.0,collision_intent:63;hipc_entry:60;state:65,0.7,0.6653846153846155,known_visit_core_500,10,4,8
43,known_visit,HIPC,rayleigh_style,-52.15,19,361,4,10,hipc_rayleigh_style_sens_neg52_15,known_visit_g19_t10_n500.csv,10,True,70.24308873849307,70.24308873849307,0,0,0,50,41,54,0,0,0,0,503,0,144,387,43,52,92,106,38,0.15693430656934307,14.4,3.8,collision_intent:52;hipc_entry:38;state:54,0.5,0.5925925925925926,known_visit_core_500,10,4,8
44,known_visit,HIPC,rayleigh_style,-52.15,19,361,4,10,hipc_rayleigh_style_sens_neg52_15,known_visit_g19_t10_n500.csv,10,True,49.886644981230006,49.886644981230006,0,0,0,55,30,59,0,1,0,0,332,0,167,451,48,58,109,117,50,0.1476923076923077,16.7,5.0,collision_intent:58;hipc_entry:50;state:59,0.44999999999999996,0.44491525423728806,known_visit_core_500,10,4,8
45,known_visit,HIPC,rayleigh_style,-52.15,19,361,4,10,hipc_rayleigh_style_sens_neg52_15,known_visit_g19_t10_n500.csv,10,True,69.73391913347375,69.73391913347375,0,0,0,51,40,55,0,1,0,0,494,0,160,438,39,53,107,108,52,0.12264150943396226,16.0,5.2,collision_intent:53;hipc_entry:52;state:55,0.6000000000000001,0.55,known_visit_core_500,10,4,8
46,known_visit,HIPC,rayleigh_style,-52.15,19,361,4,10,hipc_rayleigh_style_sens_neg52_15,known_visit_g19_t10_n500.csv,10,True,65.45552127986818,65.45552127986818,0,0,0,55,38,59,0,1,0,0,455,0,175,495,29,57,118,116,59,0.0821529745042493,17.5,5.9,collision_intent:57;hipc_entry:59;state:59,0.55,0.5466101694915255,known_visit_core_500,10,4,8
47,known_visit,HIPC,rayleigh_style,-52.15,19,361,4,10,hipc_rayleigh_style_sens_neg52_15,known_visit_g19_t10_n500.csv,10,True,70.04771732210456,70.04771732210456,0,0,0,52,41,56,0,0,0,0,495,0,166,443,52,54,112,110,56,0.15615615615615616,16.6,5.6,collision_intent:54;hipc_entry:56;state:56,0.6000000000000001,0.5625,known_visit_core_500,10,4,8
48,known_visit,HIPC,rayleigh_style,-52.15,19,361,4,10,hipc_rayleigh_style_sens_neg52_15,known_visit_g19_t10_n500.csv,10,True,81.87068338687499,81.87068338687499,0,0,0,54,47,58,0,0,0,0,589,0,154,420,39,56,98,114,40,0.13402061855670103,15.4,4.0,collision_intent:56;hipc_entry:40;state:58,0.6000000000000001,0.6206896551724137,known_visit_core_500,10,4,8
49,known_visit,HIPC,rayleigh_style,-52.15,19,361,4,10,hipc_rayleigh_style_sens_neg52_15,known_visit_g19_t10_n500.csv,10,True,56.05535854343315,56.05535854343315,0,0,0,55,33,58,1,1,1,1,380,0,157,441,27,57,100,116,41,0.09090909090909091,15.7,4.1,collision_intent:57;hipc_entry:41;state:59,0.55,0.5172413793103448,known_visit_core_500,10,4,8
50,known_visit,HIPC,rayleigh_style,-52.15,19,361,4,10,hipc_rayleigh_style_sens_neg52_15,known_visit_g19_t10_n500.csv,10,True,39.56586139314789,39.56586139314789,0,0,0,47,23,51,0,1,0,0,260,0,146,390,46,49,97,100,46,0.15916955017301038,14.6,4.6,collision_intent:49;hipc_entry:46;state:51,0.44999999999999996,0.357843137254902,known_visit_core_500,10,4,8
51,known_visit,HIPC,rayleigh_style,-52.15,19,361,4,10,hipc_rayleigh_style_sens_neg52_15,known_visit_g19_t10_n500.csv,10,True,53.72230309232715,53.72230309232715,0,0,0,54,32,58,0,0,0,0,365,0,142,376,47,56,86,114,28,0.1843137254901961,14.2,2.8,collision_intent:56;hipc_entry:28;state:58,0.44999999999999996,0.47413793103448265,known_visit_core_500,10,4,8
52,known_visit,HIPC,rayleigh_style,-52.15,19,361,4,10,hipc_rayleigh_style_sens_neg52_15,known_visit_g19_t10_n500.csv,10,True,71.86927843995191,71.86927843995191,0,0,0,45,41,49,0,0,0,0,518,0,143,392,35,46,97,95,48,0.12110726643598616,14.3,4.8,collision_intent:46;hipc_entry:48;state:49,0.7,0.6479591836734695,known_visit_core_500,10,4,8
53,known_visit,HIPC,rayleigh_style,-52.15,19,361,4,10,hipc_rayleigh_style_sens_neg52_15,known_visit_g19_t10_n500.csv,10,True,79.01276010076302,79.01276010076302,0,0,0,55,46,59,0,0,0,0,564,0,158,439,33,57,101,116,42,0.10963455149501661,15.8,4.2,collision_intent:57;hipc_entry:42;state:59,0.55,0.597457627118644,known_visit_core_500,10,4,8
54,known_visit,HIPC,rayleigh_style,-52.15,19,361,4,10,hipc_rayleigh_style_sens_neg52_15,known_visit_g19_t10_n500.csv,10,True,66.16293478845573,66.16293478845573,0,0,0,68,39,71,1,1,0,0,445,0,174,477,43,69,105,141,33,0.13738019169329074,17.4,3.3,collision_intent:69;hipc_entry:33;state:72,0.55,0.5105633802816902,known_visit_core_500,10,4,8
55,known_visit,HIPC,rayleigh_style,-52.15,19,361,4,10,hipc_rayleigh_style_sens_neg52_15,known_visit_g19_t10_n500.csv,10,True,75.1680787616238,75.1680787616238,0,0,0,47,43,51,0,0,0,0,544,0,174,471,49,50,124,101,73,0.13243243243243244,17.4,7.3,collision_intent:50;hipc_entry:73;state:51,0.7,0.642156862745098,known_visit_core_500,10,4,8
56,known_visit,HIPC,rayleigh_style,-52.15,19,361,4,10,hipc_rayleigh_style_sens_neg52_15,known_visit_g19_t10_n500.csv,10,True,84.9432692942837,84.9432692942837,0,0,0,67,49,71,0,0,0,0,593,0,194,532,47,68,126,139,55,0.12533333333333332,19.4,5.5,collision_intent:68;hipc_entry:55;state:71,0.6499999999999999,0.5809859154929577,known_visit_core_500,10,4,8
57,known_visit,HIPC,rayleigh_style,-52.15,19,361,4,10,hipc_rayleigh_style_sens_neg52_15,known_visit_g19_t10_n500.csv,10,True,49.339686755635086,49.339686755635086,0,0,0,59,29,63,0,1,0,0,324,0,169,471,34,62,107,125,44,0.10658307210031348,16.9,4.4,collision_intent:62;hipc_entry:44;state:63,0.25,0.2579365079365079,known_visit_core_500,10,4,8
58,known_visit,HIPC,rayleigh_style,-52.15,19,361,4,10,hipc_rayleigh_style_sens_neg52_15,known_visit_g19_t10_n500.csv,10,True,60.819831799118454,60.819831799118454,0,0,0,52,35,56,0,0,0,0,424,0,152,419,36,53,99,109,43,0.12162162162162163,15.2,4.3,collision_intent:53;hipc_entry:43;state:56,0.55,0.5446428571428572,known_visit_core_500,10,4,8
59,known_visit,HIPC,rayleigh_style,-52.15,19,361,4,10,hipc_rayleigh_style_sens_neg52_15,known_visit_g19_t10_n500.csv,10,True,74.39045673489736,74.39045673489736,0,0,0,58,44,62,0,0,0,0,520,0,167,462,37,60,107,122,45,0.11598746081504702,16.7,4.5,collision_intent:60;hipc_entry:45;state:62,0.5,0.5725806451612903,known_visit_core_500,10,4,8
60,known_visit,HIPC,rayleigh_style,-52.15,19,361,4,10,hipc_rayleigh_style_sens_neg52_15,known_visit_g19_t10_n500.csv,10,True,67.503800060976,67.503800060976,0,0,0,65,29,69,0,1,0,0,459,0,257,709,59,70,187,139,118,0.1057347670250896,25.7,11.8,collision_intent:70;hipc_entry:118;state:69,0.5,0.38043478260869557,known_visit_core_500,10,4,8
61,known_visit,HIPC,rayleigh_style,-52.15,19,361,4,10,hipc_rayleigh_style_sens_neg52_15,known_visit_g19_t10_n500.csv,10,True,82.66381114090073,82.66381114090073,0,0,0,53,48,56,1,0,0,0,596,0,184,502,47,55,129,112,72,0.12239583333333333,18.4,7.2,collision_intent:55;hipc_entry:72;state:57,0.75,0.6428571428571428,known_visit_core_500,10,4,8
62,known_visit,HIPC,rayleigh_style,-52.15,19,361,4,10,hipc_rayleigh_style_sens_neg52_15,known_visit_g19_t10_n500.csv,10,True,65.25377580623399,65.25377580623399,0,0,0,44,38,48,0,0,0,0,469,0,143,376,51,46,97,94,49,0.17647058823529413,14.3,4.9,collision_intent:46;hipc_entry:49;state:48,0.6000000000000001,0.6041666666666667,known_visit_core_500,10,4,8
63,known_visit,HIPC,rayleigh_style,-52.15,19,361,4,10,hipc_rayleigh_style_sens_neg52_15,known_visit_g19_t10_n500.csv,10,True,92.98924485171744,92.98924485171744,0,0,0,57,54,60,1,0,0,0,672,0,167,442,57,58,109,119,48,0.1753846153846154,16.7,4.8,collision_intent:58;hipc_entry:48;state:61,0.7,0.675,known_visit_core_500,10,4,8
64,known_visit,HIPC,rayleigh_style,-52.15,19,361,4,10,hipc_rayleigh_style_sens_neg52_15,known_visit_g19_t10_n500.csv,10,True,52.05361009474756,52.05361009474756,0,0,0,49,30,53,0,0,0,0,356,0,156,428,37,50,106,103,53,0.11746031746031746,15.6,5.3,collision_intent:50;hipc_entry:53;state:53,0.55,0.5141509433962264,known_visit_core_500,10,4,8
65,known_visit,HIPC,rayleigh_style,-52.15,19,361,4,10,hipc_rayleigh_style_sens_neg52_15,known_visit_g19_t10_n500.csv,10,True,59.313621843559304,59.313621843559304,0,0,0,47,34,51,0,0,0,0,418,0,143,407,20,49,94,100,43,0.07142857142857142,14.3,4.3,collision_intent:49;hipc_entry:43;state:51,0.55,0.5147058823529411,known_visit_core_500,10,4,8
66,known_visit,HIPC,rayleigh_style,-52.15,19,361,4,10,hipc_rayleigh_style_sens_neg52_15,known_visit_g19_t10_n500.csv,10,True,54.67440157238773,54.67440157238773,0,0,0,54,33,58,0,0,0,0,370,0,151,415,36,55,96,113,38,0.1258741258741259,15.1,3.8,collision_intent:55;hipc_entry:38;state:58,0.55,0.5172413793103448,known_visit_core_500,10,4,8
67,known_visit,HIPC,rayleigh_style,-52.15,19,361,4,10,hipc_rayleigh_style_sens_neg52_15,known_visit_g19_t10_n500.csv,10,True,44.35514450168578,44.35514450168578,0,0,0,53,26,57,0,0,0,0,289,0,162,453,30,56,106,113,49,0.09523809523809523,16.2,4.9,collision_intent:56;hipc_entry:49;state:57,0.44999999999999996,0.3991228070175439,known_visit_core_500,10,4,8
68,known_visit,HIPC,rayleigh_style,-52.15,19,361,4,10,hipc_rayleigh_style_sens_neg52_15,known_visit_g19_t10_n500.csv,10,True,40.68347352261573,40.68347352261573,0,0,0,50,24,54,0,0,0,0,268,0,146,409,26,53,93,107,39,0.09420289855072464,14.6,3.9,collision_intent:53;hipc_entry:39;state:54,0.25,0.3240740740740742,known_visit_core_500,10,4,8
69,known_visit,HIPC,rayleigh_style,-52.15,19,361,4,10,hipc_rayleigh_style_sens_neg52_15,known_visit_g19_t10_n500.csv,10,True,32.090925275148805,32.090925275148805,0,0,0,39,18,43,0,0,0,0,210,0,127,351,28,42,85,85,42,0.11067193675889328,12.7,4.2,collision_intent:42;hipc_entry:42;state:43,0.3500000000000001,0.36627906976744184,known_visit_core_500,10,4,8
70,known_visit,HIPC,rayleigh_style,-52.15,19,361,4,10,hipc_rayleigh_style_sens_neg52_15,known_visit_g19_t10_n500.csv,10,True,57.65711946030296,57.65711946030296,0,0,0,59,27,63,0,0,0,0,389,0,192,524,50,62,130,125,67,0.12886597938144329,19.2,6.7,collision_intent:62;hipc_entry:67;state:63,0.44999999999999996,0.36111111111111116,known_visit_core_500,10,4,8
71,known_visit,HIPC,rayleigh_style,-52.15,19,361,4,10,hipc_rayleigh_style_sens_neg52_15,known_visit_g19_t10_n500.csv,10,True,82.83690490841073,82.83690490841073,0,0,0,59,48,63,0,1,0,0,589,0,174,466,53,60,114,123,51,0.15634218289085547,17.4,5.1,collision_intent:60;hipc_entry:51;state:63,0.7,0.6150793650793651,known_visit_core_500,10,4,8
72,known_visit,HIPC,rayleigh_style,-52.15,19,361,4,10,hipc_rayleigh_style_sens_neg52_15,known_visit_g19_t10_n500.csv,10,True,58.12630998934835,58.12630998934835,0,0,0,64,34,68,0,1,0,0,383,0,169,466,41,65,104,133,36,0.13141025641025642,16.9,3.6,collision_intent:65;hipc_entry:36;state:68,0.55,0.4852941176470589,known_visit_core_500,10,4,8
73,known_visit,HIPC,rayleigh_style,-52.15,19,361,4,10,hipc_rayleigh_style_sens_neg52_15,known_visit_g19_t10_n500.csv,10,True,68.89876909766137,68.89876909766137,0,0,0,47,39,51,0,0,0,0,496,0,139,392,23,49,90,100,39,0.08582089552238806,13.9,3.9,collision_intent:49;hipc_entry:39;state:51,0.55,0.5833333333333333,known_visit_core_500,10,4,8
74,known_visit,HIPC,rayleigh_style,-52.15,19,361,4,10,hipc_rayleigh_style_sens_neg52_15,known_visit_g19_t10_n500.csv,10,True,45.857612144707495,45.857612144707495,0,0,0,50,27,54,0,1,0,0,306,0,156,446,20,53,103,107,49,0.06514657980456026,15.6,4.9,collision_intent:53;hipc_entry:49;state:54,0.44999999999999996,0.4722222222222223,known_visit_core_500,10,4,8
75,known_visit,HIPC,rayleigh_style,-52.15,19,361,4,10,hipc_rayleigh_style_sens_neg52_15,known_visit_g19_t10_n500.csv,10,True,57.26718471593921,57.26718471593921,0,0,0,44,33,48,0,0,0,0,405,0,136,387,18,46,90,94,42,0.06741573033707865,13.6,4.2,collision_intent:46;hipc_entry:42;state:48,0.5,0.5208333333333333,known_visit_core_500,10,4,8
76,known_visit,HIPC,rayleigh_style,-52.15,19,361,4,10,hipc_rayleigh_style_sens_neg52_15,known_visit_g19_t10_n500.csv,10,True,62.291581365133936,62.291581365133936,0,0,0,58,36,62,0,1,0,0,426,0,172,483,31,60,112,122,50,0.09281437125748503,17.2,5.0,collision_intent:60;hipc_entry:50;state:62,0.5,0.5080645161290323,known_visit_core_500,10,4,8
77,known_visit,HIPC,rayleigh_style,-52.15,19,361,4,10,hipc_rayleigh_style_sens_neg52_15,known_visit_g19_t10_n500.csv,10,True,79.83170460583078,79.83170460583078,0,0,0,64,45,68,0,0,0,0,561,0,214,606,33,68,146,136,78,0.07586206896551724,21.4,7.8,collision_intent:68;hipc_entry:78;state:68,0.44999999999999996,0.47058823529411775,known_visit_core_500,10,4,8
78,known_visit,HIPC,rayleigh_style,-52.15,19,361,4,10,hipc_rayleigh_style_sens_neg52_15,known_visit_g19_t10_n500.csv,10,True,41.741018477148906,41.741018477148906,0,0,0,47,25,51,0,0,0,0,276,0,148,417,24,49,99,100,48,0.08163265306122448,14.8,4.8,collision_intent:49;hipc_entry:48;state:51,0.44999999999999996,0.4558823529411764,known_visit_core_500,10,4,8
79,known_visit,HIPC,rayleigh_style,-52.15,19,361,4,10,hipc_rayleigh_style_sens_neg52_15,known_visit_g19_t10_n500.csv,10,True,66.04210531962705,66.04210531962705,0,0,0,62,34,66,0,1,0,0,451,0,227,615,63,66,161,132,95,0.13125,22.7,9.5,collision_intent:66;hipc_entry:95;state:66,0.55,0.43939393939393945,known_visit_core_500,10,4,8
80,known_visit,HIPC,rayleigh_style,-52.15,19,361,4,10,hipc_rayleigh_style_sens_neg52_15,known_visit_g19_t10_n500.csv,10,True,108.47522319364943,108.47522319364943,1,1,1,86,63,88,2,2,0,0,759,0,281,755,85,90,191,180,101,0.14912280701754385,28.1,10.1,collision_intent:90;hipc_entry:101;state:90,0.7,0.5511363636363635,known_visit_core_500,10,4,8
81,known_visit,HIPC,rayleigh_style,-52.15,19,361,4,10,hipc_rayleigh_style_sens_neg52_15,known_visit_g19_t10_n500.csv,10,True,40.585835248362265,40.585835248362265,0,0,0,48,24,52,0,1,0,0,266,0,156,446,20,51,105,103,53,0.06389776357827476,15.6,5.3,collision_intent:51;hipc_entry:53;state:52,0.55,0.4326923076923077,known_visit_core_500,10,4,8
82,known_visit,HIPC,rayleigh_style,-52.15,19,361,4,10,hipc_rayleigh_style_sens_neg52_15,known_visit_g19_t10_n500.csv,10,True,50.69919507445266,50.69919507445266,0,0,0,57,29,61,0,2,0,0,338,0,157,422,46,58,99,119,38,0.1564625850340136,15.7,3.8,collision_intent:58;hipc_entry:38;state:61,0.55,0.471311475409836,known_visit_core_500,10,4,8
83,known_visit,HIPC,rayleigh_style,-52.15,19,361,4,10,hipc_rayleigh_style_sens_neg52_15,known_visit_g19_t10_n500.csv,10,True,70.80567827135698,70.80567827135698,0,0,0,60,41,64,0,1,0,0,490,0,227,632,46,63,164,127,100,0.09406952965235174,22.7,10.0,collision_intent:63;hipc_entry:100;state:64,0.55,0.4375,known_visit_core_500,10,4,8
84,known_visit,HIPC,rayleigh_style,-52.15,19,361,4,10,hipc_rayleigh_style_sens_neg52_15,known_visit_g19_t10_n500.csv,10,True,89.03944530035008,89.03944530035008,0,0,0,58,51,61,1,1,0,0,641,0,181,495,47,60,121,122,59,0.1298342541436464,18.1,5.9,collision_intent:60;hipc_entry:59;state:62,0.7,0.6352459016393444,known_visit_core_500,10,4,8
85,known_visit,HIPC,rayleigh_style,-52.15,19,361,4,10,hipc_rayleigh_style_sens_neg52_15,known_visit_g19_t10_n500.csv,10,True,68.65982404753298,68.65982404753298,0,0,0,60,38,64,0,0,0,0,473,0,185,511,42,64,121,128,57,0.11634349030470914,18.5,5.7,collision_intent:64;hipc_entry:57;state:64,0.55,0.4921875,known_visit_core_500,10,4,8
86,known_visit,HIPC,rayleigh_style,-52.15,19,361,4,10,hipc_rayleigh_style_sens_neg52_15,known_visit_g19_t10_n500.csv,10,True,58.91931160657718,58.91931160657718,0,0,0,49,34,53,0,0,0,0,412,0,161,457,23,51,110,104,57,0.07033639143730887,16.1,5.7,collision_intent:51;hipc_entry:57;state:53,0.6499999999999999,0.5424528301886793,known_visit_core_500,10,4,8
87,known_visit,HIPC,rayleigh_style,-52.15,19,361,4,10,hipc_rayleigh_style_sens_neg52_15,known_visit_g19_t10_n500.csv,10,True,66.2954469379568,66.2954469379568,0,0,0,47,39,50,1,0,0,0,475,0,130,347,42,50,80,101,29,0.17573221757322174,13.0,2.9,collision_intent:50;hipc_entry:29;state:51,0.3999999999999999,0.56,known_visit_core_500,10,4,8
88,known_visit,HIPC,rayleigh_style,-52.15,19,361,4,10,hipc_rayleigh_style_sens_neg52_15,known_visit_g19_t10_n500.csv,10,True,69.72221770505566,69.72221770505566,0,0,0,54,40,58,0,0,0,0,491,0,153,425,32,55,98,113,40,0.1095890410958904,15.3,4.0,collision_intent:55;hipc_entry:40;state:58,0.6499999999999999,0.5775862068965518,known_visit_core_500,10,4,8
89,known_visit,HIPC,rayleigh_style,-52.15,19,361,4,10,hipc_rayleigh_style_sens_neg52_15,known_visit_g19_t10_n500.csv,10,True,63.77141222896029,63.77141222896029,0,0,0,62,37,66,0,2,0,0,432,0,219,595,59,66,153,132,87,0.12938596491228072,21.9,8.7,collision_intent:66;hipc_entry:87;state:66,0.44999999999999996,0.48484848484848486,known_visit_core_500,10,4,8
90,known_visit,HIPC,rayleigh_style,-52.15,19,361,4,10,hipc_rayleigh_style_sens_neg52_15,known_visit_g19_t10_n500.csv,10,True,39.74973901970032,39.74973901970032,0,0,0,58,22,62,0,0,0,0,249,0,181,507,33,62,119,124,57,0.09322033898305085,18.1,5.7,collision_intent:62;hipc_entry:57;state:62,0.3500000000000001,0.2661290322580645,known_visit_core_500,10,4,8
91,known_visit,HIPC,rayleigh_style,-52.15,19,361,4,10,hipc_rayleigh_style_sens_neg52_15,known_visit_g19_t10_n500.csv,10,True,62.05102908578546,62.05102908578546,0,0,0,57,36,60,1,0,0,0,426,0,151,418,32,58,93,119,32,0.11594202898550725,15.1,3.2,collision_intent:58;hipc_entry:32;state:61,0.55,0.5249999999999999,known_visit_core_500,10,4,8
92,known_visit,HIPC,rayleigh_style,-52.15,19,361,4,10,hipc_rayleigh_style_sens_neg52_15,known_visit_g19_t10_n500.csv,10,True,60.32738846848683,60.32738846848683,0,0,0,53,34,57,0,0,0,0,418,0,154,419,41,54,100,111,43,0.13758389261744966,15.4,4.3,collision_intent:54;hipc_entry:43;state:57,0.6000000000000001,0.5307017543859649,known_visit_core_500,10,4,8
93,known_visit,HIPC,rayleigh_style,-52.15,19,361,4,10,hipc_rayleigh_style_sens_neg52_15,known_visit_g19_t10_n500.csv,10,True,61.69556079185195,61.69556079185195,0,0,0,55,36,59,0,1,0,0,427,0,156,444,21,60,96,119,37,0.07368421052631578,15.6,3.7,collision_intent:60;hipc_entry:37;state:59,0.3500000000000001,0.4194915254237288,known_visit_core_500,10,4,8
94,known_visit,HIPC,rayleigh_style,-52.15,19,361,4,10,hipc_rayleigh_style_sens_neg52_15,known_visit_g19_t10_n500.csv,10,True,45.74290776620095,45.74290776620095,0,0,0,43,26,47,0,0,0,0,316,0,133,374,24,45,88,92,41,0.09125475285171103,13.3,4.1,collision_intent:45;hipc_entry:41;state:47,0.6000000000000001,0.49468085106382986,known_visit_core_500,10,4,8
95,known_visit,HIPC,rayleigh_style,-52.15,19,361,4,10,hipc_rayleigh_style_sens_neg52_15,known_visit_g19_t10_n500.csv,10,True,50.128533713885226,50.128533713885226,0,0,0,53,29,57,0,0,0,0,334,0,151,427,23,56,95,113,38,0.08156028368794327,15.1,3.8,collision_intent:56;hipc_entry:38;state:57,0.44999999999999996,0.42543859649122817,known_visit_core_500,10,4,8
96,known_visit,HIPC,rayleigh_style,-52.15,19,361,4,10,hipc_rayleigh_style_sens_neg52_15,known_visit_g19_t10_n500.csv,10,True,52.55652487276302,52.55652487276302,0,0,0,52,30,56,0,0,0,0,357,0,159,445,30,54,105,110,49,0.09584664536741214,15.9,4.9,collision_intent:54;hipc_entry:49;state:56,0.5,0.4732142857142858,known_visit_core_500,10,4,8
97,known_visit,HIPC,rayleigh_style,-52.15,19,361,4,10,hipc_rayleigh_style_sens_neg52_15,known_visit_g19_t10_n500.csv,10,True,73.99773474677185,73.99773474677185,0,0,0,55,42,59,0,4,0,0,525,0,198,554,38,56,142,115,83,0.08962264150943396,19.8,8.3,collision_intent:56;hipc_entry:83;state:59,0.7,0.5889830508474576,known_visit_core_500,10,4,8
98,known_visit,HIPC,rayleigh_style,-52.15,19,361,4,10,hipc_rayleigh_style_sens_neg52_15,known_visit_g19_t10_n500.csv,10,True,44.00446029023512,44.00446029023512,0,0,0,45,26,49,0,0,0,0,299,0,127,354,25,46,81,95,32,0.1037344398340249,12.7,3.2,collision_intent:46;hipc_entry:32;state:49,0.55,0.4948979591836735,known_visit_core_500,10,4,8
99,known_visit,HIPC,rayleigh_style,-52.15,19,361,4,10,hipc_rayleigh_style_sens_neg52_15,known_visit_g19_t10_n500.csv,10,True,40.61764597656826,40.61764597656826,1,1,1,59,24,60,3,0,0,0,251,0,155,434,28,62,93,125,30,0.10144927536231885,15.5,3.0,collision_intent:62;hipc_entry:30;state:63,0.44999999999999996,0.30000000000000004,known_visit_core_500,10,4,8
100,known_visit,HIPC,rayleigh_style,-52.15,19,361,4,10,hipc_rayleigh_style_sens_neg52_15,known_visit_g19_t10_n500.csv,10,True,42.91920284112207,42.91920284112207,0,0,0,50,25,54,0,0,0,0,283,0,156,414,52,53,103,107,49,0.16938110749185667,15.6,4.9,collision_intent:53;hipc_entry:49;state:54,0.44999999999999996,0.40740740740740744,known_visit_core_500,10,4,8
101,known_visit,HIPC,rayleigh_style,-52.15,19,361,4,10,hipc_rayleigh_style_sens_neg52_15,known_visit_g19_t10_n500.csv,10,True,68.43132931232512,68.43132931232512,0,0,0,56,39,60,0,0,0,0,478,0,182,495,48,58,124,118,64,0.13008130081300814,18.2,6.4,collision_intent:58;hipc_entry:64;state:60,0.7,0.55,known_visit_core_500,10,4,8
102,known_visit,HIPC,rayleigh_style,-52.15,19,361,4,10,hipc_rayleigh_style_sens_neg52_15,known_visit_g19_t10_n500.csv,10,True,73.22047746828427,73.22047746828427,0,0,0,53,42,57,0,0,0,0,519,0,170,467,40,56,114,113,57,0.11799410029498525,17.0,5.7,collision_intent:56;hipc_entry:57;state:57,0.5,0.5745614035087718,known_visit_core_500,10,4,8
103,known_visit,HIPC,rayleigh_style,-52.15,19,361,4,10,hipc_rayleigh_style_sens_neg52_15,known_visit_g19_t10_n500.csv,10,True,33.64015129592108,33.64015129592108,0,0,0,39,20,43,0,0,0,0,224,0,135,373,29,39,96,82,53,0.10175438596491228,13.5,5.3,collision_intent:39;hipc_entry:53;state:43,0.5,0.4593023255813953,known_visit_core_500,10,4,8
104,known_visit,HIPC,rayleigh_style,-52.15,19,361,4,10,hipc_rayleigh_style_sens_neg52_15,known_visit_g19_t10_n500.csv,10,True,54.94345604647689,54.94345604647689,0,0,0,48,32,52,0,1,0,0,381,0,163,447,40,50,113,102,61,0.11869436201780416,16.3,6.1,collision_intent:50;hipc_entry:61;state:52,0.5,0.5,known_visit_core_500,10,4,8
105,known_visit,HIPC,rayleigh_style,-52.15,19,361,4,10,hipc_rayleigh_style_sens_neg52_15,known_visit_g19_t10_n500.csv,10,True,75.83509862173571,75.83509862173571,0,0,0,55,44,59,0,0,0,0,540,0,157,441,28,56,101,115,42,0.09302325581395349,15.7,4.2,collision_intent:56;hipc_entry:42;state:59,0.6000000000000001,0.6059322033898304,known_visit_core_500,10,4,8
106,known_visit,HIPC,rayleigh_style,-52.15,19,361,4,10,hipc_rayleigh_style_sens_neg52_15,known_visit_g19_t10_n500.csv,10,True,61.1808890434099,61.1808890434099,0,0,0,64,36,67,1,1,0,0,408,0,198,550,41,70,128,138,60,0.10761154855643044,19.8,6.0,collision_intent:70;hipc_entry:60;state:68,0.5,0.5037313432835822,known_visit_core_500,10,4,8
107,known_visit,HIPC,rayleigh_style,-52.15,19,361,4,10,hipc_rayleigh_style_sens_neg52_15,known_visit_g19_t10_n500.csv,10,True,82.93587624733101,82.93587624733101,0,0,0,60,48,64,0,0,0,0,592,0,186,531,24,63,123,127,59,0.06557377049180328,18.6,5.9,collision_intent:63;hipc_entry:59;state:64,0.55,0.578125,known_visit_core_500,10,4,8
108,known_visit,HIPC,rayleigh_style,-52.15,19,361,4,10,hipc_rayleigh_style_sens_neg52_15,known_visit_g19_t10_n500.csv,10,True,51.752196353612476,51.752196353612476,0,0,0,45,30,49,0,0,0,0,359,0,130,348,40,47,83,96,34,0.16194331983805668,13.0,3.4,collision_intent:47;hipc_entry:34;state:49,0.55,0.5153061224489797,known_visit_core_500,10,4,8
109,known_visit,HIPC,rayleigh_style,-52.15,19,361,4,10,hipc_rayleigh_style_sens_neg52_15,known_visit_g19_t10_n500.csv,10,True,61.14717329231872,61.14717329231872,0,0,0,48,36,52,0,0,0,0,431,0,136,362,45,49,87,101,35,0.17307692307692307,13.6,3.5,collision_intent:49;hipc_entry:35;state:52,0.6000000000000001,0.5769230769230769,known_visit_core_500,10,4,8
110,known_visit,HIPC,rayleigh_style,-52.15,19,361,4,10,hipc_rayleigh_style_sens_neg52_15,known_visit_g19_t10_n500.csv,10,True,80.80134995640607,80.80134995640607,0,0,0,66,47,70,0,0,0,0,564,0,178,490,41,67,111,137,41,0.12424242424242424,17.8,4.1,collision_intent:67;hipc_entry:41;state:70,0.6499999999999999,0.5714285714285714,known_visit_core_500,10,4,8
111,known_visit,HIPC,rayleigh_style,-52.15,19,361,4,10,hipc_rayleigh_style_sens_neg52_15,known_visit_g19_t10_n500.csv,10,True,61.79209750904824,61.79209750904824,0,0,0,60,35,64,0,0,0,0,421,0,208,581,40,64,144,128,80,0.09324009324009325,20.8,8.0,collision_intent:64;hipc_entry:80;state:64,0.55,0.4453125,known_visit_core_500,10,4,8
112,known_visit,HIPC,rayleigh_style,-52.15,19,361,4,10,hipc_rayleigh_style_sens_neg52_15,known_visit_g19_t10_n500.csv,10,True,69.8956941001662,69.8956941001662,0,0,0,58,41,62,0,0,0,0,485,0,165,440,53,59,106,121,44,0.16772151898734178,16.5,4.4,collision_intent:59;hipc_entry:44;state:62,0.6499999999999999,0.564516129032258,known_visit_core_500,10,4,8
113,known_visit,HIPC,rayleigh_style,-52.15,19,361,4,10,hipc_rayleigh_style_sens_neg52_15,known_visit_g19_t10_n500.csv,10,True,102.69684415019084,102.69684415019084,0,0,0,67,59,71,0,0,0,0,737,0,203,547,59,69,134,140,63,0.14786967418546365,20.3,6.3,collision_intent:69;hipc_entry:63;state:71,0.6000000000000001,0.6373239436619718,known_visit_core_500,10,4,8
114,known_visit,HIPC,rayleigh_style,-52.15,19,361,4,10,hipc_rayleigh_style_sens_neg52_15,known_visit_g19_t10_n500.csv,10,True,53.73609667655088,53.73609667655088,0,0,0,50,32,54,0,0,0,0,369,0,142,393,31,52,90,106,36,0.11567164179104478,14.2,3.6,collision_intent:52;hipc_entry:36;state:54,0.5,0.5185185185185186,known_visit_core_500,10,4,8
115,known_visit,HIPC,rayleigh_style,-52.15,19,361,4,10,hipc_rayleigh_style_sens_neg52_15,known_visit_g19_t10_n500.csv,10,True,72.60466881771055,72.60466881771055,0,0,0,50,42,54,0,0,0,0,517,0,153,418,38,51,102,105,48,0.1254125412541254,15.3,4.8,collision_intent:51;hipc_entry:48;state:54,0.7,0.6203703703703705,known_visit_core_500,10,4,8
116,known_visit,HIPC,rayleigh_style,-52.15,19,361,4,10,hipc_rayleigh_style_sens_neg52_15,known_visit_g19_t10_n500.csv,10,True,55.88452772024243,55.88452772024243,0,0,0,63,33,66,1,0,0,0,368,0,187,528,30,67,120,134,53,0.08403361344537816,18.7,5.3,collision_intent:67;hipc_entry:53;state:67,0.44999999999999996,0.40909090909090917,known_visit_core_500,10,4,8
117,known_visit,HIPC,rayleigh_style,-52.15,19,361,4,10,hipc_rayleigh_style_sens_neg52_15,known_visit_g19_t10_n500.csv,10,True,79.62435470766586,79.62435470766586,0,0,0,55,46,59,0,0,0,0,572,0,184,493,57,59,125,118,66,0.15281501340482573,18.4,6.6,collision_intent:59;hipc_entry:66;state:59,0.6000000000000001,0.5889830508474576,known_visit_core_500,10,4,8
118,known_visit,HIPC,rayleigh_style,-52.15,19,361,4,10,hipc_rayleigh_style_sens_neg52_15,known_visit_g19_t10_n500.csv,10,True,74.67456587113934,74.67456587113934,0,0,0,49,43,53,0,1,0,0,540,0,171,483,27,51,120,104,67,0.07563025210084033,17.1,6.7,collision_intent:51;hipc_entry:67;state:53,0.7,0.6084905660377358,known_visit_core_500,10,4,8
119,known_visit,HIPC,rayleigh_style,-52.15,19,361,4,10,hipc_rayleigh_style_sens_neg52_15,known_visit_g19_t10_n500.csv,10,True,46.327881897786874,46.327881897786874,0,0,0,54,27,58,0,1,0,0,304,0,158,441,31,56,102,114,44,0.10197368421052631,15.8,4.4,collision_intent:56;hipc_entry:44;state:58,0.5,0.43965517241379315,known_visit_core_500,10,4,8
120,known_visit,HIPC,rayleigh_style,-52.15,19,361,4,10,hipc_rayleigh_style_sens_neg52_15,known_visit_g19_t10_n500.csv,10,True,53.2351450701547,53.2351450701547,0,0,0,56,31,59,1,0,0,0,357,0,161,430,51,58,103,118,43,0.16612377850162866,16.1,4.3,collision_intent:58;hipc_entry:43;state:60,0.55,0.4872881355932204,known_visit_core_500,10,4,8
121,known_visit,HIPC,rayleigh_style,-52.15,19,361,4,10,hipc_rayleigh_style_sens_neg52_15,known_visit_g19_t10_n500.csv,10,True,48.193539968583224,48.193539968583224,0,0,0,52,28,56,0,0,0,0,321,0,157,444,26,54,103,110,47,0.08441558441558442,15.7,4.7,collision_intent:54;hipc_entry:47;state:56,0.5,0.4732142857142858,known_visit_core_500,10,4,8
122,known_visit,HIPC,rayleigh_style,-52.15,19,361,4,10,hipc_rayleigh_style_sens_neg52_15,known_visit_g19_t10_n500.csv,10,True,101.29637064521643,101.29637064521643,0,0,0,62,58,65,1,1,0,0,734,0,184,497,53,64,120,130,54,0.14804469273743018,18.4,5.4,collision_intent:64;hipc_entry:54;state:66,0.7,0.6653846153846155,known_visit_core_500,10,4,8
123,known_visit,HIPC,rayleigh_style,-52.15,19,361,4,10,hipc_rayleigh_style_sens_neg52_15,known_visit_g19_t10_n500.csv,10,True,59.819508117559444,59.819508117559444,0,0,0,66,34,70,0,2,0,0,397,0,182,506,37,68,114,138,44,0.10914454277286136,18.2,4.4,collision_intent:68;hipc_entry:44;state:70,0.3999999999999999,0.3999999999999999,known_visit_core_500,10,4,8
124,known_visit,HIPC,rayleigh_style,-52.15,19,361,4,10,hipc_rayleigh_style_sens_neg52_15,known_visit_g19_t10_n500.csv,10,True,45.39736202780943,45.39736202780943,0,0,0,52,27,56,0,0,0,0,299,0,149,406,38,53,96,109,40,0.13333333333333333,14.9,4.0,collision_intent:53;hipc_entry:40;state:56,0.55,0.4732142857142858,known_visit_core_500,10,4,8
125,known_visit,HIPC,rayleigh_style,-52.15,19,361,4,10,hipc_rayleigh_style_sens_neg52_15,known_visit_g19_t10_n500.csv,10,True,34.34678655140174,34.34678655140174,0,0,0,47,21,51,0,0,0,0,219,0,175,501,22,51,124,102,73,0.05945945945945946,17.5,7.3,collision_intent:51;hipc_entry:73;state:51,0.30000000000000004,0.3088235294117647,known_visit_core_500,10,4,8
126,known_visit,HIPC,rayleigh_style,-52.15,19,361,4,10,hipc_rayleigh_style_sens_neg52_15,known_visit_g19_t10_n500.csv,10,True,58.88576185541175,58.88576185541175,0,0,0,42,34,46,0,0,0,0,421,0,148,406,36,44,104,90,58,0.11612903225806452,14.8,5.8,collision_intent:44;hipc_entry:58;state:46,0.6499999999999999,0.5869565217391304,known_visit_core_500,10,4,8
127,known_visit,HIPC,rayleigh_style,-52.15,19,361,4,10,hipc_rayleigh_style_sens_neg52_15,known_visit_g19_t10_n500.csv,10,True,63.5487838664762,63.5487838664762,0,0,0,58,37,62,0,1,0,0,434,0,164,449,40,60,104,122,42,0.12944983818770225,16.4,4.2,collision_intent:60;hipc_entry:42;state:62,0.55,0.5241935483870968,known_visit_core_500,10,4,8
128,known_visit,HIPC,rayleigh_style,-52.15,19,361,4,10,hipc_rayleigh_style_sens_neg52_15,known_visit_g19_t10_n500.csv,10,True,40.16048131634543,40.16048131634543,1,1,1,47,24,50,1,0,0,0,264,0,132,362,32,49,83,100,32,0.12955465587044535,13.2,3.2,collision_intent:49;hipc_entry:32;state:51,0.44999999999999996,0.41999999999999993,known_visit_core_500,10,4,8
129,known_visit,HIPC,rayleigh_style,-52.15,19,361,4,10,hipc_rayleigh_style_sens_neg52_15,known_visit_g19_t10_n500.csv,10,True,77.95866135060982,77.95866135060982,0,0,0,59,45,63,0,0,0,0,549,0,204,567,43,62,142,125,79,0.10141509433962265,20.4,7.9,collision_intent:62;hipc_entry:79;state:63,0.6000000000000001,0.5357142857142858,known_visit_core_500,10,4,8
130,known_visit,HIPC,rayleigh_style,-52.15,19,361,4,10,hipc_rayleigh_style_sens_neg52_15,known_visit_g19_t10_n500.csv,10,True,56.378763027919035,56.378763027919035,0,0,0,54,33,58,0,0,0,0,383,0,145,393,39,55,90,113,32,0.14606741573033707,14.5,3.2,collision_intent:55;hipc_entry:32;state:58,0.55,0.5172413793103448,known_visit_core_500,10,4,8
131,known_visit,HIPC,rayleigh_style,-52.15,19,361,4,10,hipc_rayleigh_style_sens_neg52_15,known_visit_g19_t10_n500.csv,10,True,61.344623137352734,61.344623137352734,0,0,0,55,35,59,0,0,0,0,423,0,147,397,42,56,91,115,32,0.15498154981549817,14.7,3.2,collision_intent:56;hipc_entry:32;state:59,0.55,0.5296610169491525,known_visit_core_500,10,4,8
132,known_visit,HIPC,rayleigh_style,-52.15,19,361,4,10,hipc_rayleigh_style_sens_neg52_15,known_visit_g19_t10_n500.csv,10,True,51.58200819090262,51.58200819090262,0,0,0,53,30,57,0,0,0,0,348,0,140,394,23,55,85,112,28,0.09126984126984126,14.0,2.8,collision_intent:55;hipc_entry:28;state:57,0.44999999999999996,0.4605263157894737,known_visit_core_500,10,4,8
133,known_visit,HIPC,rayleigh_style,-52.15,19,361,4,10,hipc_rayleigh_style_sens_neg52_15,known_visit_g19_t10_n500.csv,10,True,50.096313238493856,50.096313238493856,0,0,0,49,29,53,0,0,0,0,343,0,146,393,43,50,96,103,43,0.15034965034965034,14.6,4.3,collision_intent:50;hipc_entry:43;state:53,0.6000000000000001,0.5047169811320755,known_visit_core_500,10,4,8
134,known_visit,HIPC,rayleigh_style,-52.15,19,361,4,10,hipc_rayleigh_style_sens_neg52_15,known_visit_g19_t10_n500.csv,10,True,51.70312205597683,51.70312205597683,0,0,0,62,30,66,0,2,0,0,338,0,163,450,36,64,99,130,33,0.12244897959183673,16.3,3.3,collision_intent:64;hipc_entry:33;state:66,0.44999999999999996,0.4015151515151516,known_visit_core_500,10,4,8
135,known_visit,HIPC,rayleigh_style,-52.15,19,361,4,10,hipc_rayleigh_style_sens_neg52_15,known_visit_g19_t10_n500.csv,10,True,63.678386106917245,63.678386106917245,0,0,0,45,37,49,0,0,0,0,453,0,136,377,30,47,89,96,40,0.11278195488721804,13.6,4.0,collision_intent:47;hipc_entry:40;state:49,0.6000000000000001,0.5765306122448979,known_visit_core_500,10,4,8
136,known_visit,HIPC,rayleigh_style,-52.15,19,361,4,10,hipc_rayleigh_style_sens_neg52_15,known_visit_g19_t10_n500.csv,10,True,89.81906318465849,89.81906318465849,0,0,0,56,51,60,0,0,0,0,649,0,171,465,46,58,113,118,53,0.13649851632047477,17.1,5.3,collision_intent:58;hipc_entry:53;state:60,0.6000000000000001,0.6416666666666666,known_visit_core_500,10,4,8
137,known_visit,HIPC,rayleigh_style,-52.15,19,361,4,10,hipc_rayleigh_style_sens_neg52_15,known_visit_g19_t10_n500.csv,10,True,63.71639193988764,63.71639193988764,0,0,0,51,37,55,0,0,0,0,451,0,161,455,26,54,107,109,52,0.08150470219435736,16.1,5.2,collision_intent:54;hipc_entry:52;state:55,0.5,0.5318181818181817,known_visit_core_500,10,4,8
138,known_visit,HIPC,rayleigh_style,-52.15,19,361,4,10,hipc_rayleigh_style_sens_neg52_15,known_visit_g19_t10_n500.csv,10,True,47.91682404189442,47.91682404189442,0,0,0,53,28,57,0,0,0,0,318,0,152,416,37,54,98,111,41,0.12714776632302405,15.2,4.1,collision_intent:54;hipc_entry:41;state:57,0.5,0.47807017543859653,known_visit_core_500,10,4,8
139,known_visit,HIPC,rayleigh_style,-52.15,19,361,4,10,hipc_rayleigh_style_sens_neg52_15,known_visit_g19_t10_n500.csv,10,True,65.14107165364068,65.14107165364068,0,0,0,63,35,67,0,1,0,0,444,0,182,503,40,65,117,132,50,0.11494252873563218,18.2,5.0,collision_intent:65;hipc_entry:50;state:67,0.55,0.45895522388059695,known_visit_core_500,10,4,8
140,known_visit,HIPC,rayleigh_style,-52.15,19,361,4,10,hipc_rayleigh_style_sens_neg52_15,known_visit_g19_t10_n500.csv,10,True,96.08805210820921,96.08805210820921,0,0,0,61,56,65,0,0,0,0,691,0,191,520,50,62,129,127,64,0.13020833333333334,19.1,6.4,collision_intent:62;hipc_entry:64;state:65,0.7,0.6653846153846155,known_visit_core_500,10,4,8
141,known_visit,HIPC,rayleigh_style,-52.15,19,361,4,10,hipc_rayleigh_style_sens_neg52_15,known_visit_g19_t10_n500.csv,10,True,68.55621613170335,68.55621613170335,0,0,0,56,40,60,0,0,0,0,479,0,171,470,41,59,112,119,52,0.12275449101796407,17.1,5.2,collision_intent:59;hipc_entry:52;state:60,0.3999999999999999,0.5083333333333333,known_visit_core_500,10,4,8
142,known_visit,HIPC,rayleigh_style,-52.15,19,361,4,10,hipc_rayleigh_style_sens_neg52_15,known_visit_g19_t10_n500.csv,10,True,78.14195089385774,78.14195089385774,0,0,0,53,45,56,1,0,0,0,563,0,175,453,69,55,120,112,63,0.19327731092436976,17.5,6.3,collision_intent:55;hipc_entry:63;state:57,0.6499999999999999,0.6160714285714286,known_visit_core_500,10,4,8
143,known_visit,HIPC,rayleigh_style,-52.15,19,361,4,10,hipc_rayleigh_style_sens_neg52_15,known_visit_g19_t10_n500.csv,10,True,63.35786463388132,63.35786463388132,1,1,1,76,33,73,7,1,0,0,409,0,228,615,67,79,149,159,69,0.15056179775280898,22.8,6.9,collision_intent:79;hipc_entry:69;state:80,0.5,0.40753424657534243,known_visit_core_500,10,4,8
144,known_visit,HIPC,rayleigh_style,-52.15,19,361,4,10,hipc_rayleigh_style_sens_neg52_15,known_visit_g19_t10_n500.csv,10,True,78.41650682974863,78.41650682974863,0,0,0,59,45,62,1,1,0,0,553,0,165,460,34,60,105,123,42,0.10828025477707007,16.5,4.2,collision_intent:60;hipc_entry:42;state:63,0.6000000000000001,0.5887096774193548,known_visit_core_500,10,4,8
145,known_visit,HIPC,rayleigh_style,-52.15,19,361,4,10,hipc_rayleigh_style_sens_neg52_15,known_visit_g19_t10_n500.csv,10,True,85.1564620654843,85.1564620654843,0,0,0,59,49,63,0,0,0,0,608,0,175,483,40,61,114,124,51,0.11764705882352941,17.5,5.1,collision_intent:61;hipc_entry:51;state:63,0.6000000000000001,0.5992063492063493,known_visit_core_500,10,4,8
146,known_visit,HIPC,rayleigh_style,-52.15,19,361,4,10,hipc_rayleigh_style_sens_neg52_15,known_visit_g19_t10_n500.csv,10,True,61.391950452365144,61.391950452365144,0,0,0,50,35,54,0,0,0,0,429,0,148,389,52,51,97,105,43,0.18055555555555555,14.8,4.3,collision_intent:51;hipc_entry:43;state:54,0.55,0.5555555555555556,known_visit_core_500,10,4,8
147,known_visit,HIPC,rayleigh_style,-52.15,19,361,4,10,hipc_rayleigh_style_sens_neg52_15,known_visit_g19_t10_n500.csv,10,True,62.65569788336233,62.65569788336233,0,0,0,56,36,60,0,0,0,0,433,0,160,448,30,58,102,118,42,0.09868421052631579,16.0,4.2,collision_intent:58;hipc_entry:42;state:60,0.55,0.5166666666666666,known_visit_core_500,10,4,8
148,known_visit,HIPC,rayleigh_style,-52.15,19,361,4,10,hipc_rayleigh_style_sens_neg52_15,known_visit_g19_t10_n500.csv,10,True,49.73415131745925,49.73415131745925,0,0,0,38,29,42,0,0,0,0,353,0,124,336,34,39,85,81,43,0.13438735177865613,12.4,4.3,collision_intent:39;hipc_entry:43;state:42,0.55,0.5714285714285714,known_visit_core_500,10,4,8
149,known_visit,HIPC,rayleigh_style,-52.15,19,361,4,10,hipc_rayleigh_style_sens_neg52_15,known_visit_g19_t10_n500.csv,10,True,42.880296196668105,42.880296196668105,0,0,0,48,24,52,0,1,0,0,285,0,163,444,43,52,111,104,59,0.1299093655589124,16.3,5.9,collision_intent:52;hipc_entry:59;state:52,0.5,0.4326923076923077,known_visit_core_500,10,4,8
150,known_visit,HIPC,rayleigh_style,-52.15,19,361,4,10,hipc_rayleigh_style_sens_neg52_15,known_visit_g19_t10_n500.csv,10,True,62.84108008456916,62.84108008456916,0,0,0,56,37,60,0,2,0,0,435,0,176,478,47,58,118,118,58,0.1339031339031339,17.6,5.8,collision_intent:58;hipc_entry:58;state:60,0.5,0.5333333333333334,known_visit_core_500,10,4,8
151,known_visit,HIPC,rayleigh_style,-52.15,19,361,4,10,hipc_rayleigh_style_sens_neg52_15,known_visit_g19_t10_n500.csv,10,True,65.76257848271261,65.76257848271261,0,0,0,54,38,58,0,0,0,0,460,0,177,493,35,56,121,114,63,0.09722222222222222,17.7,6.3,collision_intent:56;hipc_entry:63;state:58,0.6000000000000001,0.5431034482758621,known_visit_core_500,10,4,8
152,known_visit,HIPC,rayleigh_style,-52.15,19,361,4,10,hipc_rayleigh_style_sens_neg52_15,known_visit_g19_t10_n500.csv,10,True,82.32968934464533,82.32968934464533,0,0,0,51,47,55,0,0,0,0,596,0,155,418,46,52,103,107,48,0.14935064935064934,15.5,4.8,collision_intent:52;hipc_entry:48;state:55,0.7,0.6590909090909092,known_visit_core_500,10,4,8
153,known_visit,HIPC,rayleigh_style,-52.15,19,361,4,10,hipc_rayleigh_style_sens_neg52_15,known_visit_g19_t10_n500.csv,10,True,49.97421763413288,49.97421763413288,0,0,0,39,29,43,0,0,0,0,353,0,118,323,31,40,78,83,35,0.13247863247863248,11.8,3.5,collision_intent:40;hipc_entry:35;state:43,0.6000000000000001,0.5639534883720929,known_visit_core_500,10,4,8
154,known_visit,HIPC,rayleigh_style,-52.15,19,361,4,10,hipc_rayleigh_style_sens_neg52_15,known_visit_g19_t10_n500.csv,10,True,48.440398862472485,48.440398862472485,0,0,0,58,28,62,0,2,0,0,316,0,180,520,18,62,118,124,56,0.05113636363636364,18.0,5.6,collision_intent:62;hipc_entry:56;state:62,0.3500000000000001,0.3306451612903225,known_visit_core_500,10,4,8
155,known_visit,HIPC,rayleigh_style,-52.15,19,361,4,10,hipc_rayleigh_style_sens_neg52_15,known_visit_g19_t10_n500.csv,10,True,73.27824922925996,73.27824922925996,0,0,0,54,41,58,0,0,0,0,521,0,153,424,32,55,98,113,40,0.10996563573883161,15.3,4.0,collision_intent:55;hipc_entry:40;state:58,0.6499999999999999,0.5862068965517242,known_visit_core_500,10,4,8
156,known_visit,HIPC,rayleigh_style,-52.15,19,361,4,10,hipc_rayleigh_style_sens_neg52_15,known_visit_g19_t10_n500.csv,10,True,47.734071293462634,47.734071293462634,0,0,0,50,28,54,0,0,0,0,323,0,154,413,47,52,102,106,48,0.15460526315789475,15.4,4.8,collision_intent:52;hipc_entry:48;state:54,0.55,0.4814814814814814,known_visit_core_500,10,4,8
157,known_visit,HIPC,rayleigh_style,-52.15,19,361,4,10,hipc_rayleigh_style_sens_neg52_15,known_visit_g19_t10_n500.csv,10,True,49.48786423185847,49.48786423185847,0,0,0,57,29,61,0,0,0,0,324,0,153,429,27,60,93,121,32,0.09782608695652174,15.3,3.2,collision_intent:60;hipc_entry:32;state:61,0.5,0.40573770491803285,known_visit_core_500,10,4,8
158,known_visit,HIPC,rayleigh_style,-52.15,19,361,4,10,hipc_rayleigh_style_sens_neg52_15,known_visit_g19_t10_n500.csv,10,True,65.40025992892406,65.40025992892406,0,0,0,46,38,50,0,0,0,0,466,0,151,407,44,47,104,97,54,0.14193548387096774,15.1,5.4,collision_intent:47;hipc_entry:54;state:50,0.6000000000000001,0.6100000000000001,known_visit_core_500,10,4,8
159,known_visit,HIPC,rayleigh_style,-52.15,19,361,4,10,hipc_rayleigh_style_sens_neg52_15,known_visit_g19_t10_n500.csv,10,True,67.43610906679072,67.43610906679072,0,0,0,49,39,53,0,0,0,0,478,0,162,446,39,51,111,104,58,0.11746987951807229,16.2,5.8,collision_intent:51;hipc_entry:58;state:53,0.6000000000000001,0.5896226415094339,known_visit_core_500,10,4,8
160,known_visit,HIPC,rayleigh_style,-52.15,19,361,4,10,hipc_rayleigh_style_sens_neg52_15,known_visit_g19_t10_n500.csv,10,True,54.77238950980536,54.77238950980536,0,0,0,53,31,57,0,2,0,0,372,0,172,476,37,56,116,113,59,0.1072463768115942,17.2,5.9,collision_intent:56;hipc_entry:59;state:57,0.55,0.48684210526315796,known_visit_core_500,10,4,8
161,known_visit,HIPC,rayleigh_style,-52.15,19,361,4,10,hipc_rayleigh_style_sens_neg52_15,known_visit_g19_t10_n500.csv,10,True,74.86544375668267,74.86544375668267,0,0,0,69,43,71,2,1,0,0,511,0,190,535,33,71,119,144,46,0.09295774647887324,19.0,4.6,collision_intent:71;hipc_entry:46;state:73,0.6499999999999999,0.482394366197183,known_visit_core_500,10,4,8
162,known_visit,HIPC,rayleigh_style,-52.15,19,361,4,10,hipc_rayleigh_style_sens_neg52_15,known_visit_g19_t10_n500.csv,10,True,51.800621067677596,51.800621067677596,1,1,1,63,30,66,1,0,0,0,340,0,163,457,31,64,99,131,32,0.10472972972972973,16.3,3.2,collision_intent:64;hipc_entry:32;state:67,0.5,0.3787878787878789,known_visit_core_500,10,4,8
163,known_visit,HIPC,rayleigh_style,-52.15,19,361,4,10,hipc_rayleigh_style_sens_neg52_15,known_visit_g19_t10_n500.csv,10,True,40.87278999948083,40.87278999948083,0,0,0,53,24,57,0,0,0,0,262,0,173,464,54,56,117,113,60,0.15428571428571428,17.3,6.0,collision_intent:56;hipc_entry:60;state:57,0.55,0.3464912280701755,known_visit_core_500,10,4,8
164,known_visit,HIPC,rayleigh_style,-52.15,19,361,4,10,hipc_rayleigh_style_sens_neg52_15,known_visit_g19_t10_n500.csv,10,True,70.08249989076812,70.08249989076812,0,0,0,68,41,72,0,1,0,0,474,0,175,479,43,69,106,141,34,0.1365079365079365,17.5,3.4,collision_intent:69;hipc_entry:34;state:72,0.55,0.5208333333333333,known_visit_core_500,10,4,8
165,known_visit,HIPC,rayleigh_style,-52.15,19,361,4,10,hipc_rayleigh_style_sens_neg52_15,known_visit_g19_t10_n500.csv,10,True,46.57563602974,46.57563602974,0,0,0,52,27,56,0,0,0,0,307,0,167,450,49,54,113,110,57,0.14540059347181009,16.7,5.7,collision_intent:54;hipc_entry:57;state:56,0.55,0.4642857142857142,known_visit_core_500,10,4,8
166,known_visit,HIPC,rayleigh_style,-52.15,19,361,4,10,hipc_rayleigh_style_sens_neg52_15,known_visit_g19_t10_n500.csv,10,True,52.54117044939985,52.54117044939985,0,0,0,46,30,50,0,0,0,0,364,0,141,386,35,47,94,97,44,0.125,14.1,4.4,collision_intent:47;hipc_entry:44;state:50,0.6000000000000001,0.53,known_visit_core_500,10,4,8
167,known_visit,HIPC,rayleigh_style,-52.15,19,361,4,10,hipc_rayleigh_style_sens_neg52_15,known_visit_g19_t10_n500.csv,10,True,86.72372006324883,86.72372006324883,0,0,0,55,50,59,0,0,0,0,625,0,175,459,63,58,117,117,58,0.1810344827586207,17.5,5.8,collision_intent:58;hipc_entry:58;state:59,0.55,0.6398305084745763,known_visit_core_500,10,4,8
168,known_visit,HIPC,rayleigh_style,-52.15,19,361,4,10,hipc_rayleigh_style_sens_neg52_15,known_visit_g19_t10_n500.csv,10,True,67.77062955238878,67.77062955238878,2,2,2,55,39,56,3,3,0,0,474,0,167,462,36,56,111,115,52,0.10909090909090909,16.7,5.2,collision_intent:56;hipc_entry:52;state:59,0.7,0.5803571428571428,known_visit_core_500,10,4,8
169,known_visit,HIPC,rayleigh_style,-52.15,19,361,4,10,hipc_rayleigh_style_sens_neg52_15,known_visit_g19_t10_n500.csv,10,True,52.713298993105305,52.713298993105305,0,0,0,37,31,41,0,0,0,0,380,0,115,316,26,40,75,81,34,0.11711711711711711,11.5,3.4,collision_intent:40;hipc_entry:34;state:41,0.44999999999999996,0.5548780487804879,known_visit_core_500,10,4,8
170,known_visit,HIPC,rayleigh_style,-52.15,19,361,4,10,hipc_rayleigh_style_sens_neg52_15,known_visit_g19_t10_n500.csv,10,True,62.68648762683604,62.68648762683604,0,0,0,60,36,64,0,0,0,0,426,0,165,444,48,61,104,125,40,0.1553398058252427,16.5,4.0,collision_intent:61;hipc_entry:40;state:64,0.6499999999999999,0.515625,known_visit_core_500,10,4,8
171,known_visit,HIPC,rayleigh_style,-52.15,19,361,4,10,hipc_rayleigh_style_sens_neg52_15,known_visit_g19_t10_n500.csv,10,True,67.39801533735722,67.39801533735722,0,0,0,59,39,63,0,0,0,0,464,0,161,444,37,60,101,123,38,0.12292358803986711,16.1,3.8,collision_intent:60;hipc_entry:38;state:63,0.55,0.5436507936507937,known_visit_core_500,10,4,8
172,known_visit,HIPC,rayleigh_style,-52.15,19,361,4,10,hipc_rayleigh_style_sens_neg52_15,known_visit_g19_t10_n500.csv,10,True,81.63178604162964,81.63178604162964,0,0,0,49,47,53,0,0,0,0,594,0,151,413,38,50,101,103,48,0.12624584717607973,15.1,4.8,collision_intent:50;hipc_entry:48;state:53,0.7,0.6745283018867925,known_visit_core_500,10,4,8
173,known_visit,HIPC,rayleigh_style,-52.15,19,361,4,10,hipc_rayleigh_style_sens_neg52_15,known_visit_g19_t10_n500.csv,10,True,73.22804434744101,73.22804434744101,0,0,0,51,42,55,0,0,0,0,526,0,161,434,46,53,108,108,53,0.14330218068535824,16.1,5.3,collision_intent:53;hipc_entry:53;state:55,0.55,0.5772727272727274,known_visit_core_500,10,4,8
174,known_visit,HIPC,rayleigh_style,-52.15,19,361,4,10,hipc_rayleigh_style_sens_neg52_15,known_visit_g19_t10_n500.csv,10,True,69.01617066847798,69.01617066847798,3,3,3,75,40,75,4,0,0,0,458,0,223,610,57,76,147,155,68,0.12984054669703873,22.3,6.8,collision_intent:76;hipc_entry:68;state:79,0.6499999999999999,0.5033333333333334,known_visit_core_500,10,4,8
175,known_visit,HIPC,rayleigh_style,-52.15,19,361,4,10,hipc_rayleigh_style_sens_neg52_15,known_visit_g19_t10_n500.csv,10,True,61.05657187453376,61.05657187453376,0,0,0,58,35,62,0,0,0,0,418,0,167,474,24,60,107,122,45,0.07547169811320754,16.7,4.5,collision_intent:60;hipc_entry:45;state:62,0.5,0.45967741935483875,known_visit_core_500,10,4,8
176,known_visit,HIPC,rayleigh_style,-52.15,19,361,4,10,hipc_rayleigh_style_sens_neg52_15,known_visit_g19_t10_n500.csv,10,True,73.34407216360552,73.34407216360552,0,0,0,64,42,68,0,0,0,0,507,0,176,481,45,66,110,134,42,0.13719512195121952,17.6,4.2,collision_intent:66;hipc_entry:42;state:68,0.6000000000000001,0.5220588235294117,known_visit_core_500,10,4,8
177,known_visit,HIPC,rayleigh_style,-52.15,19,361,4,10,hipc_rayleigh_style_sens_neg52_15,known_visit_g19_t10_n500.csv,10,True,54.693589972387464,54.693589972387464,0,0,0,43,32,47,0,0,0,0,388,0,145,387,45,45,100,92,53,0.15151515151515152,14.5,5.3,collision_intent:45;hipc_entry:53;state:47,0.6000000000000001,0.48404255319148937,known_visit_core_500,10,4,8
178,known_visit,HIPC,rayleigh_style,-52.15,19,361,4,10,hipc_rayleigh_style_sens_neg52_15,known_visit_g19_t10_n500.csv,10,True,96.99747409001856,96.99747409001856,0,0,0,70,55,74,0,1,0,0,686,0,210,588,39,72,138,146,64,0.0948905109489051,21.0,6.4,collision_intent:72;hipc_entry:64;state:74,0.6499999999999999,0.6013513513513513,known_visit_core_500,10,4,8
179,known_visit,HIPC,rayleigh_style,-52.15,19,361,4,10,hipc_rayleigh_style_sens_neg52_15,known_visit_g19_t10_n500.csv,10,True,69.97278168722737,69.97278168722737,1,1,1,63,41,66,1,0,0,0,482,0,191,517,55,67,124,134,57,0.14824797843665768,19.1,5.7,collision_intent:67;hipc_entry:57;state:67,0.55,0.49242424242424243,known_visit_core_500,10,4,8
180,known_visit,HIPC,rayleigh_style,-52.15,19,361,4,10,hipc_rayleigh_style_sens_neg52_15,known_visit_g19_t10_n500.csv,10,True,49.6423515421202,49.6423515421202,0,0,0,50,29,54,0,0,0,0,335,0,137,372,37,53,84,107,30,0.148,13.7,3.0,collision_intent:53;hipc_entry:30;state:54,0.3500000000000001,0.38888888888888884,known_visit_core_500,10,4,8
181,known_visit,HIPC,rayleigh_style,-52.15,19,361,4,10,hipc_rayleigh_style_sens_neg52_15,known_visit_g19_t10_n500.csv,10,True,69.72779983906297,69.72779983906297,1,1,1,80,40,80,4,0,0,0,457,0,210,588,40,82,128,166,44,0.10471204188481675,21.0,4.4,collision_intent:82;hipc_entry:44;state:84,0.5,0.39375000000000004,known_visit_core_500,10,4,8
182,known_visit,HIPC,rayleigh_style,-52.15,19,361,4,10,hipc_rayleigh_style_sens_neg52_15,known_visit_g19_t10_n500.csv,10,True,52.07244921150588,52.07244921150588,0,0,0,49,31,53,0,0,0,0,355,0,150,403,45,50,100,103,47,0.15100671140939598,15.0,4.7,collision_intent:50;hipc_entry:47;state:53,0.5,0.5235849056603774,known_visit_core_500,10,4,8
183,known_visit,HIPC,rayleigh_style,-52.15,19,361,4,10,hipc_rayleigh_style_sens_neg52_15,known_visit_g19_t10_n500.csv,10,True,40.07964475852413,40.07964475852413,0,0,0,48,23,52,0,0,0,0,262,0,129,363,21,51,78,103,26,0.09090909090909091,12.9,2.6,collision_intent:51;hipc_entry:26;state:52,0.3500000000000001,0.35576923076923084,known_visit_core_500,10,4,8
184,known_visit,HIPC,rayleigh_style,-52.15,19,361,4,10,hipc_rayleigh_style_sens_neg52_15,known_visit_g19_t10_n500.csv,10,True,63.040783882398244,63.040783882398244,0,0,0,44,36,47,1,0,0,0,454,0,134,362,37,46,88,94,40,0.1417624521072797,13.4,4.0,collision_intent:46;hipc_entry:40;state:48,0.6000000000000001,0.5797872340425532,known_visit_core_500,10,4,8
185,known_visit,HIPC,rayleigh_style,-52.15,19,361,4,10,hipc_rayleigh_style_sens_neg52_15,known_visit_g19_t10_n500.csv,10,True,69.84189863955544,69.84189863955544,0,0,0,54,41,57,1,2,0,0,491,0,217,609,41,56,161,114,103,0.08506224066390042,21.7,10.3,collision_intent:56;hipc_entry:103;state:58,0.6000000000000001,0.5394736842105263,known_visit_core_500,10,4,8
186,known_visit,HIPC,rayleigh_style,-52.15,19,361,4,10,hipc_rayleigh_style_sens_neg52_15,known_visit_g19_t10_n500.csv,10,True,51.21205015072729,51.21205015072729,0,0,0,49,29,53,0,0,0,0,352,0,150,415,32,51,99,104,46,0.10884353741496598,15.0,4.6,collision_intent:51;hipc_entry:46;state:53,0.5,0.48584905660377364,known_visit_core_500,10,4,8
187,known_visit,HIPC,rayleigh_style,-52.15,19,361,4,10,hipc_rayleigh_style_sens_neg52_15,known_visit_g19_t10_n500.csv,10,True,86.19081391103256,86.19081391103256,0,0,0,53,49,57,0,1,0,0,626,0,177,494,35,56,121,113,64,0.09695290858725762,17.7,6.4,collision_intent:56;hipc_entry:64;state:57,0.7,0.6535087719298245,known_visit_core_500,10,4,8
188,known_visit,HIPC,rayleigh_style,-52.15,19,361,4,10,hipc_rayleigh_style_sens_neg52_15,known_visit_g19_t10_n500.csv,10,True,78.67394842393438,78.67394842393438,0,0,0,47,45,51,0,0,0,0,575,0,164,457,33,49,115,100,64,0.09620991253644315,16.4,6.4,collision_intent:49;hipc_entry:64;state:51,0.7,0.661764705882353,known_visit_core_500,10,4,8
189,known_visit,HIPC,rayleigh_style,-52.15,19,361,4,10,hipc_rayleigh_style_sens_neg52_15,known_visit_g19_t10_n500.csv,10,True,66.07802253702803,66.07802253702803,0,0,0,56,38,60,0,1,0,0,460,0,159,447,27,58,101,118,41,0.09,15.9,4.1,collision_intent:58;hipc_entry:41;state:60,0.6000000000000001,0.5083333333333333,known_visit_core_500,10,4,8
190,known_visit,HIPC,rayleigh_style,-52.15,19,361,4,10,hipc_rayleigh_style_sens_neg52_15,known_visit_g19_t10_n500.csv,10,True,94.65344273700016,94.65344273700016,0,0,0,64,54,67,1,0,0,0,677,0,184,522,27,66,118,134,50,0.07692307692307693,18.4,5.0,collision_intent:66;hipc_entry:50;state:68,0.7,0.6156716417910448,known_visit_core_500,10,4,8
191,known_visit,HIPC,rayleigh_style,-52.15,19,361,4,10,hipc_rayleigh_style_sens_neg52_15,known_visit_g19_t10_n500.csv,10,True,87.58343340590342,87.58343340590342,0,0,0,61,50,64,1,0,0,0,623,0,184,504,45,62,122,127,57,0.12396694214876033,18.4,5.7,collision_intent:62;hipc_entry:57;state:65,0.6499999999999999,0.6171875,known_visit_core_500,10,4,8
192,known_visit,HIPC,rayleigh_style,-52.15,19,361,4,10,hipc_rayleigh_style_sens_neg52_15,known_visit_g19_t10_n500.csv,10,True,38.762346149290906,38.762346149290906,0,0,0,52,23,56,0,1,0,0,244,0,184,508,41,55,129,111,73,0.10677083333333333,18.4,7.3,collision_intent:55;hipc_entry:73;state:56,0.44999999999999996,0.3660714285714286,known_visit_core_500,10,4,8
193,known_visit,HIPC,rayleigh_style,-52.15,19,361,4,10,hipc_rayleigh_style_sens_neg52_15,known_visit_g19_t10_n500.csv,10,True,93.99859577298741,93.99859577298741,0,0,0,65,54,69,0,0,0,0,672,0,176,492,33,67,109,136,40,0.10185185185185185,17.6,4.0,collision_intent:67;hipc_entry:40;state:69,0.6000000000000001,0.5978260869565217,known_visit_core_500,10,4,8
194,known_visit,HIPC,rayleigh_style,-52.15,19,361,4,10,hipc_rayleigh_style_sens_neg52_15,known_visit_g19_t10_n500.csv,10,True,78.08005825701532,78.08005825701532,0,0,0,67,45,70,1,0,0,0,541,0,197,539,49,70,127,141,56,0.12962962962962962,19.7,5.6,collision_intent:70;hipc_entry:56;state:71,0.6000000000000001,0.5071428571428571,known_visit_core_500,10,4,8
195,known_visit,HIPC,rayleigh_style,-52.15,19,361,4,10,hipc_rayleigh_style_sens_neg52_15,known_visit_g19_t10_n500.csv,10,True,68.58633154854643,68.58633154854643,0,0,0,73,36,70,7,3,3,2,460,0,209,583,42,80,129,157,52,0.10909090909090909,20.9,5.2,collision_intent:80;hipc_entry:52;state:77,0.5,0.47142857142857153,known_visit_core_500,10,4,8
196,known_visit,HIPC,rayleigh_style,-52.15,19,361,4,10,hipc_rayleigh_style_sens_neg52_15,known_visit_g19_t10_n500.csv,10,True,43.60252962634127,43.60252962634127,0,0,0,42,25,46,0,0,0,0,300,0,140,373,44,44,96,90,50,0.1543859649122807,14.0,5.0,collision_intent:44;hipc_entry:50;state:46,0.5,0.4782608695652173,known_visit_core_500,10,4,8
197,known_visit,HIPC,rayleigh_style,-52.15,19,361,4,10,hipc_rayleigh_style_sens_neg52_15,known_visit_g19_t10_n500.csv,10,True,57.02291431026736,57.02291431026736,0,0,0,57,28,61,0,3,1,1,384,0,190,545,22,60,130,121,69,0.056847545219638244,19.0,6.9,collision_intent:60;hipc_entry:69;state:61,0.44999999999999996,0.41393442622950816,known_visit_core_500,10,4,8
198,known_visit,HIPC,rayleigh_style,-52.15,19,361,4,10,hipc_rayleigh_style_sens_neg52_15,known_visit_g19_t10_n500.csv,10,True,86.05513108011642,86.05513108011642,2,2,2,73,38,72,5,0,0,0,597,0,206,562,54,76,130,153,53,0.13917525773195877,20.6,5.3,collision_intent:76;hipc_entry:53;state:77,0.5,0.4444444444444444,known_visit_core_500,10,4,8
199,known_visit,HIPC,rayleigh_style,-52.15,19,361,4,10,hipc_rayleigh_style_sens_neg52_15,known_visit_g19_t10_n500.csv,10,True,80.19073430511358,80.19073430511358,0,0,0,61,46,65,0,0,0,0,564,0,186,502,53,63,123,128,58,0.1448087431693989,18.6,5.8,collision_intent:63;hipc_entry:58;state:65,0.6499999999999999,0.5807692307692307,known_visit_core_500,10,4,8
200,known_visit,HIPC,rayleigh_style,-52.15,19,361,4,10,hipc_rayleigh_style_sens_neg52_15,known_visit_g19_t10_n500.csv,10,True,86.19778909891427,86.19778909891427,0,0,0,58,50,62,0,1,0,0,620,0,196,533,54,60,136,122,74,0.13267813267813267,19.6,7.4,collision_intent:60;hipc_entry:74;state:62,0.6000000000000001,0.6209677419354838,known_visit_core_500,10,4,8
201,known_visit,HIPC,rayleigh_style,-52.15,19,361,4,10,hipc_rayleigh_style_sens_neg52_15,known_visit_g19_t10_n500.csv,10,True,56.9975524247959,56.9975524247959,0,0,0,61,33,65,0,0,0,0,378,0,165,444,49,63,102,128,37,0.1611842105263158,16.5,3.7,collision_intent:63;hipc_entry:37;state:65,0.44999999999999996,0.4653846153846153,known_visit_core_500,10,4,8
202,known_visit,HIPC,rayleigh_style,-52.15,19,361,4,10,hipc_rayleigh_style_sens_neg52_15,known_visit_g19_t10_n500.csv,10,True,43.12908103959426,43.12908103959426,0,0,0,62,25,66,0,0,0,0,269,0,163,455,32,64,99,130,33,0.10847457627118644,16.3,3.3,collision_intent:64;hipc_entry:33;state:66,0.44999999999999996,0.2727272727272727,known_visit_core_500,10,4,8
203,known_visit,HIPC,rayleigh_style,-52.15,19,361,4,10,hipc_rayleigh_style_sens_neg52_15,known_visit_g19_t10_n500.csv,10,True,174.40143556479686,174.40143556479686,2,2,2,101,32,96,9,0,0,0,1264,3,286,813,42,108,178,213,73,0.07909604519774012,28.6,7.3,collision_intent:108;hipc_entry:73;state:105,0.5,0.16666666666666674,known_visit_core_500,10,4,8
204,known_visit,HIPC,rayleigh_style,-52.15,19,361,4,10,hipc_rayleigh_style_sens_neg52_15,known_visit_g19_t10_n500.csv,10,True,78.06146560580213,78.06146560580213,0,0,0,56,46,60,0,0,0,0,553,0,169,458,47,58,111,118,51,0.1419939577039275,16.9,5.1,collision_intent:58;hipc_entry:51;state:60,0.6000000000000001,0.6000000000000001,known_visit_core_500,10,4,8
205,known_visit,HIPC,rayleigh_style,-52.15,19,361,4,10,hipc_rayleigh_style_sens_neg52_15,known_visit_g19_t10_n500.csv,10,True,79.71414397386903,79.71414397386903,1,1,1,63,46,65,2,0,0,0,558,0,168,452,50,65,103,132,36,0.16286644951140064,16.8,3.6,collision_intent:65;hipc_entry:36;state:67,0.6499999999999999,0.5884615384615384,known_visit_core_500,10,4,8
206,known_visit,HIPC,rayleigh_style,-52.15,19,361,4,10,hipc_rayleigh_style_sens_neg52_15,known_visit_g19_t10_n500.csv,10,True,70.62758563293002,70.62758563293002,0,0,0,46,41,50,0,1,0,0,510,0,153,410,46,48,105,98,55,0.14743589743589744,15.3,5.5,collision_intent:48;hipc_entry:55;state:50,0.6499999999999999,0.6299999999999999,known_visit_core_500,10,4,8
207,known_visit,HIPC,rayleigh_style,-52.15,19,361,4,10,hipc_rayleigh_style_sens_neg52_15,known_visit_g19_t10_n500.csv,10,True,71.03450426382682,71.03450426382682,0,0,0,53,41,57,0,0,0,0,505,0,153,427,29,55,98,112,41,0.09965635738831616,15.3,4.1,collision_intent:55;hipc_entry:41;state:57,0.55,0.5570175438596492,known_visit_core_500,10,4,8
208,known_visit,HIPC,rayleigh_style,-52.15,19,361,4,10,hipc_rayleigh_style_sens_neg52_15,known_visit_g19_t10_n500.csv,10,True,50.816221396870745,50.816221396870745,0,0,0,50,30,51,3,1,0,0,343,0,170,482,26,53,117,107,63,0.07449856733524356,17.0,6.3,collision_intent:53;hipc_entry:63;state:54,0.6000000000000001,0.5147058823529411,known_visit_core_500,10,4,8
209,known_visit,HIPC,rayleigh_style,-52.15,19,361,4,10,hipc_rayleigh_style_sens_neg52_15,known_visit_g19_t10_n500.csv,10,True,25.30653467582352,25.30653467582352,0,0,0,38,15,42,0,1,0,0,158,0,135,383,19,41,94,83,52,0.06810035842293907,13.5,5.2,collision_intent:41;hipc_entry:52;state:42,0.10000000000000009,0.1785714285714286,known_visit_core_500,10,4,8
210,known_visit,HIPC,rayleigh_style,-52.15,19,361,4,10,hipc_rayleigh_style_sens_neg52_15,known_visit_g19_t10_n500.csv,10,True,143.91014612017437,143.91014612017437,0,0,0,63,34,66,1,0,1,1,1076,3,182,514,29,66,116,133,49,0.08405797101449275,18.2,4.9,collision_intent:66;hipc_entry:49;state:67,0.6000000000000001,0.3787878787878789,known_visit_core_500,10,4,8
211,known_visit,HIPC,rayleigh_style,-52.15,19,361,4,10,hipc_rayleigh_style_sens_neg52_15,known_visit_g19_t10_n500.csv,10,True,36.93550147414352,36.93550147414352,0,0,0,46,22,50,0,0,0,0,240,0,141,390,31,49,92,99,42,0.11313868613138686,14.1,4.2,collision_intent:49;hipc_entry:42;state:50,0.44999999999999996,0.3999999999999999,known_visit_core_500,10,4,8
212,known_visit,HIPC,rayleigh_style,-52.15,19,361,4,10,hipc_rayleigh_style_sens_neg52_15,known_visit_g19_t10_n500.csv,10,True,89.41845580617417,89.41845580617417,0,0,0,55,51,58,1,0,0,0,649,0,168,463,38,56,112,115,53,0.11411411411411411,16.8,5.3,collision_intent:56;hipc_entry:53;state:59,0.6499999999999999,0.6637931034482758,known_visit_core_500,10,4,8
213,known_visit,HIPC,rayleigh_style,-52.15,19,361,4,10,hipc_rayleigh_style_sens_neg52_15,known_visit_g19_t10_n500.csv,10,True,85.51551347996592,85.51551347996592,1,1,1,65,49,68,1,0,0,0,604,0,195,537,46,68,127,137,58,0.12137203166226913,19.5,5.8,collision_intent:68;hipc_entry:58;state:69,0.6499999999999999,0.588235294117647,known_visit_core_500,10,4,8
214,known_visit,HIPC,rayleigh_style,-52.15,19,361,4,10,hipc_rayleigh_style_sens_neg52_15,known_visit_g19_t10_n500.csv,10,True,68.2978576599524,68.2978576599524,0,0,0,50,39,54,0,0,0,0,486,0,145,389,44,51,94,105,40,0.15714285714285714,14.5,4.0,collision_intent:51;hipc_entry:40;state:54,0.6499999999999999,0.5925925925925926,known_visit_core_500,10,4,8
215,known_visit,HIPC,rayleigh_style,-52.15,19,361,4,10,hipc_rayleigh_style_sens_neg52_15,known_visit_g19_t10_n500.csv,10,True,98.46456239675724,98.46456239675724,0,0,0,59,56,62,1,0,0,0,714,0,164,442,49,61,103,124,40,0.1590909090909091,16.4,4.0,collision_intent:61;hipc_entry:40;state:63,0.6000000000000001,0.6693548387096775,known_visit_core_500,10,4,8
216,known_visit,HIPC,rayleigh_style,-52.15,19,361,4,10,hipc_rayleigh_style_sens_neg52_15,known_visit_g19_t10_n500.csv,10,True,82.33782136232418,82.33782136232418,0,0,0,49,47,53,0,0,0,0,598,0,160,438,40,51,109,104,56,0.12307692307692308,16.0,5.6,collision_intent:51;hipc_entry:56;state:53,0.7,0.6650943396226414,known_visit_core_500,10,4,8
217,known_visit,HIPC,rayleigh_style,-52.15,19,361,4,10,hipc_rayleigh_style_sens_neg52_15,known_visit_g19_t10_n500.csv,10,True,64.50230163103393,64.50230163103393,0,0,0,59,37,62,1,0,0,0,443,0,163,455,33,60,103,123,40,0.10714285714285714,16.3,4.0,collision_intent:60;hipc_entry:40;state:63,0.6499999999999999,0.5241935483870968,known_visit_core_500,10,4,8
218,known_visit,HIPC,rayleigh_style,-52.15,19,361,4,10,hipc_rayleigh_style_sens_neg52_15,known_visit_g19_t10_n500.csv,10,True,53.71706350476815,53.71706350476815,0,0,0,47,31,51,0,0,0,0,373,0,134,358,41,48,86,99,35,0.1607843137254902,13.4,3.5,collision_intent:48;hipc_entry:35;state:51,0.6000000000000001,0.5343137254901962,known_visit_core_500,10,4,8
219,known_visit,HIPC,rayleigh_style,-52.15,19,361,4,10,hipc_rayleigh_style_sens_neg52_15,known_visit_g19_t10_n500.csv,10,True,60.960622506856204,60.960622506856204,0,0,0,58,36,59,3,1,0,0,416,0,160,433,45,63,97,125,35,0.15570934256055363,16.0,3.5,collision_intent:63;hipc_entry:35;state:62,0.3999999999999999,0.4618644067796611,known_visit_core_500,10,4,8
220,known_visit,HIPC,rayleigh_style,-52.15,19,361,4,10,hipc_rayleigh_style_sens_neg52_15,known_visit_g19_t10_n500.csv,10,True,62.09769407023042,62.09769407023042,0,0,0,42,36,46,0,0,0,0,446,0,149,409,35,44,105,90,59,0.11217948717948718,14.9,5.9,collision_intent:44;hipc_entry:59;state:46,0.6499999999999999,0.6086956521739131,known_visit_core_500,10,4,8
221,known_visit,HIPC,rayleigh_style,-52.15,19,361,4,10,hipc_rayleigh_style_sens_neg52_15,known_visit_g19_t10_n500.csv,10,True,45.95998253054462,45.95998253054462,0,0,0,54,27,58,0,0,0,0,303,0,173,487,29,56,117,114,59,0.08333333333333333,17.3,5.9,collision_intent:56;hipc_entry:59;state:58,0.44999999999999996,0.4482758620689655,known_visit_core_500,10,4,8
222,known_visit,HIPC,rayleigh_style,-52.15,19,361,4,10,hipc_rayleigh_style_sens_neg52_15,known_visit_g19_t10_n500.csv,10,True,75.18023258217173,75.18023258217173,0,0,0,47,43,51,0,0,0,0,545,0,140,382,36,49,91,100,40,0.13284132841328414,14.0,4.0,collision_intent:49;hipc_entry:40;state:51,0.6000000000000001,0.642156862745098,known_visit_core_500,10,4,8
223,known_visit,HIPC,rayleigh_style,-52.15,19,361,4,10,hipc_rayleigh_style_sens_neg52_15,known_visit_g19_t10_n500.csv,10,True,57.68388355425456,57.68388355425456,0,0,0,50,34,54,0,1,0,0,400,0,148,412,29,53,95,107,41,0.10283687943262411,14.8,4.1,collision_intent:53;hipc_entry:41;state:54,0.44999999999999996,0.4259259259259258,known_visit_core_500,10,4,8
224,known_visit,HIPC,rayleigh_style,-52.15,19,361,4,10,hipc_rayleigh_style_sens_neg52_15,known_visit_g19_t10_n500.csv,10,True,40.9884198608966,40.9884198608966,0,0,0,52,24,56,0,0,0,0,265,0,147,407,31,53,94,109,38,0.1111111111111111,14.7,3.8,collision_intent:53;hipc_entry:38;state:56,0.44999999999999996,0.4107142857142858,known_visit_core_500,10,4,8
225,known_visit,HIPC,rayleigh_style,-52.15,19,361,4,10,hipc_rayleigh_style_sens_neg52_15,known_visit_g19_t10_n500.csv,10,True,66.68739489685792,66.68739489685792,0,0,0,59,39,63,0,0,0,0,459,0,162,429,54,62,100,125,37,0.18181818181818182,16.2,3.7,collision_intent:62;hipc_entry:37;state:63,0.3999999999999999,0.4642857142857142,known_visit_core_500,10,4,8
226,known_visit,HIPC,rayleigh_style,-52.15,19,361,4,10,hipc_rayleigh_style_sens_neg52_15,known_visit_g19_t10_n500.csv,10,True,63.389855329182495,63.389855329182495,1,1,1,59,37,61,2,0,0,0,436,0,163,447,40,61,102,124,39,0.13157894736842105,16.3,3.9,collision_intent:61;hipc_entry:39;state:63,0.5,0.528688524590164,known_visit_core_500,10,4,8
227,known_visit,HIPC,rayleigh_style,-52.15,19,361,4,10,hipc_rayleigh_style_sens_neg52_15,known_visit_g19_t10_n500.csv,10,True,55.0598199293879,55.0598199293879,0,0,0,56,30,60,0,4,0,0,373,0,191,521,49,60,131,120,71,0.12564102564102564,19.1,7.1,collision_intent:60;hipc_entry:71;state:60,0.44999999999999996,0.43333333333333335,known_visit_core_500,10,4,8
228,known_visit,HIPC,rayleigh_style,-52.15,19,361,4,10,hipc_rayleigh_style_sens_neg52_15,known_visit_g19_t10_n500.csv,10,True,56.43440632966564,56.43440632966564,0,0,0,54,33,58,0,0,0,0,385,0,142,383,40,56,86,114,28,0.1568627450980392,14.2,2.8,collision_intent:56;hipc_entry:28;state:58,0.44999999999999996,0.5086206896551724,known_visit_core_500,10,4,8
229,known_visit,HIPC,rayleigh_style,-52.15,19,361,4,10,hipc_rayleigh_style_sens_neg52_15,known_visit_g19_t10_n500.csv,10,True,78.73546219744841,78.73546219744841,0,0,0,52,45,56,0,0,0,0,567,0,155,396,67,55,100,111,44,0.22483221476510068,15.5,4.4,collision_intent:55;hipc_entry:44;state:56,0.6000000000000001,0.5982142857142858,known_visit_core_500,10,4,8
230,known_visit,HIPC,rayleigh_style,-52.15,19,361,4,10,hipc_rayleigh_style_sens_neg52_15,known_visit_g19_t10_n500.csv,10,True,85.45535921205803,85.45535921205803,1,1,1,76,49,76,4,0,0,0,588,0,213,548,89,80,133,160,53,0.22418136020151133,21.3,5.3,collision_intent:80;hipc_entry:53;state:80,0.7,0.5263157894736843,known_visit_core_500,10,4,8
231,known_visit,HIPC,rayleigh_style,-52.15,19,361,4,10,hipc_rayleigh_style_sens_neg52_15,known_visit_g19_t10_n500.csv,10,True,51.23614490911969,51.23614490911969,0,0,0,68,30,69,3,2,0,0,325,0,192,522,51,69,123,141,51,0.13934426229508196,19.2,5.1,collision_intent:69;hipc_entry:51;state:72,0.44999999999999996,0.39492753623188404,known_visit_core_500,10,4,8
232,known_visit,HIPC,rayleigh_style,-52.15,19,361,4,10,hipc_rayleigh_style_sens_neg52_15,known_visit_g19_t10_n500.csv,10,True,66.06261434367312,66.06261434367312,0,0,0,59,39,63,0,0,0,0,456,0,192,542,33,62,130,125,67,0.08483290488431877,19.2,6.7,collision_intent:62;hipc_entry:67;state:63,0.44999999999999996,0.4642857142857142,known_visit_core_500,10,4,8
233,known_visit,HIPC,rayleigh_style,-52.15,19,361,4,10,hipc_rayleigh_style_sens_neg52_15,known_visit_g19_t10_n500.csv,10,True,67.06258357004397,67.06258357004397,1,1,1,58,39,61,1,0,0,0,464,0,160,437,40,61,99,123,37,0.1360544217687075,16.0,3.7,collision_intent:61;hipc_entry:37;state:62,0.55,0.49590163934426235,known_visit_core_500,10,4,8
234,known_visit,HIPC,rayleigh_style,-52.15,19,361,4,10,hipc_rayleigh_style_sens_neg52_15,known_visit_g19_t10_n500.csv,10,True,43.85838367065108,43.85838367065108,0,0,0,50,26,54,0,1,0,0,291,0,142,401,23,54,88,108,34,0.08778625954198473,14.2,3.4,collision_intent:54;hipc_entry:34;state:54,0.3500000000000001,0.41666666666666674,known_visit_core_500,10,4,8
235,known_visit,HIPC,rayleigh_style,-52.15,19,361,4,10,hipc_rayleigh_style_sens_neg52_15,known_visit_g19_t10_n500.csv,10,True,52.315368852629305,52.315368852629305,0,0,0,55,30,59,0,0,0,0,350,0,171,478,32,57,114,116,55,0.0943952802359882,17.1,5.5,collision_intent:57;hipc_entry:55;state:59,0.6000000000000001,0.47881355932203395,known_visit_core_500,10,4,8
236,known_visit,HIPC,rayleigh_style,-52.15,19,361,4,10,hipc_rayleigh_style_sens_neg52_15,known_visit_g19_t10_n500.csv,10,True,54.27023699761958,54.27023699761958,0,0,0,48,32,52,0,0,0,0,374,0,136,386,20,50,86,102,34,0.078125,13.6,3.4,collision_intent:50;hipc_entry:34;state:52,0.55,0.5192307692307692,known_visit_core_500,10,4,8
237,known_visit,HIPC,rayleigh_style,-52.15,19,361,4,10,hipc_rayleigh_style_sens_neg52_15,known_visit_g19_t10_n500.csv,10,True,65.7291402062795,65.7291402062795,0,0,0,50,38,54,0,1,0,0,466,0,155,426,38,52,103,106,49,0.12337662337662338,15.5,4.9,collision_intent:52;hipc_entry:49;state:54,0.6499999999999999,0.5648148148148149,known_visit_core_500,10,4,8
238,known_visit,HIPC,rayleigh_style,-52.15,19,361,4,10,hipc_rayleigh_style_sens_neg52_15,known_visit_g19_t10_n500.csv,10,True,66.02717635673444,66.02717635673444,0,0,0,45,38,49,0,0,0,0,476,0,155,423,40,48,107,97,58,0.12539184952978055,15.5,5.8,collision_intent:48;hipc_entry:58;state:49,0.6000000000000001,0.6071428571428572,known_visit_core_500,10,4,8
239,known_visit,HIPC,rayleigh_style,-52.15,19,361,4,10,hipc_rayleigh_style_sens_neg52_15,known_visit_g19_t10_n500.csv,10,True,41.930316746576565,41.930316746576565,0,0,0,49,24,53,0,0,0,0,277,0,147,409,29,52,95,105,42,0.10283687943262411,14.7,4.2,collision_intent:52;hipc_entry:42;state:53,0.3999999999999999,0.3443396226415094,known_visit_core_500,10,4,8
240,known_visit,HIPC,rayleigh_style,-52.15,19,361,4,10,hipc_rayleigh_style_sens_neg52_15,known_visit_g19_t10_n500.csv,10,True,76.20711711203182,76.20711711203182,0,0,0,57,44,61,0,0,0,0,541,0,150,409,38,59,91,120,30,0.14074074074074075,15.0,3.0,collision_intent:59;hipc_entry:30;state:61,0.5,0.5778688524590163,known_visit_core_500,10,4,8
241,known_visit,HIPC,rayleigh_style,-52.15,19,361,4,10,hipc_rayleigh_style_sens_neg52_15,known_visit_g19_t10_n500.csv,10,True,44.53600547234157,44.53600547234157,0,0,0,50,26,54,0,0,0,0,294,0,158,440,32,52,106,106,52,0.10126582278481013,15.8,5.2,collision_intent:52;hipc_entry:52;state:54,0.5,0.462962962962963,known_visit_core_500,10,4,8
242,known_visit,HIPC,rayleigh_style,-52.15,19,361,4,10,hipc_rayleigh_style_sens_neg52_15,known_visit_g19_t10_n500.csv,10,True,76.64265285714733,76.64265285714733,0,0,0,60,44,63,1,1,0,0,536,0,203,558,48,63,140,127,76,0.11510791366906475,20.3,7.6,collision_intent:63;hipc_entry:76;state:64,0.6000000000000001,0.48809523809523814,known_visit_core_500,10,4,8
243,known_visit,HIPC,rayleigh_style,-52.15,19,361,4,10,hipc_rayleigh_style_sens_neg52_15,known_visit_g19_t10_n500.csv,10,True,45.92834607942181,45.92834607942181,0,0,0,50,27,54,0,0,0,0,306,0,155,431,33,51,104,105,50,0.10610932475884244,15.5,5.0,collision_intent:51;hipc_entry:50;state:54,0.55,0.4814814814814814,known_visit_core_500,10,4,8
244,known_visit,HIPC,rayleigh_style,-52.15,19,361,4,10,hipc_rayleigh_style_sens_neg52_15,known_visit_g19_t10_n500.csv,10,True,68.27238598503725,68.27238598503725,1,1,1,60,40,63,1,0,0,0,471,0,178,499,32,63,115,127,51,0.0935672514619883,17.8,5.1,collision_intent:63;hipc_entry:51;state:64,0.55,0.44047619047619047,known_visit_core_500,10,4,8
245,known_visit,HIPC,rayleigh_style,-52.15,19,361,4,10,hipc_rayleigh_style_sens_neg52_15,known_visit_g19_t10_n500.csv,10,True,48.98120336534716,48.98120336534716,0,0,0,55,29,59,0,1,0,0,321,0,156,435,30,56,100,115,41,0.10101010101010101,15.6,4.1,collision_intent:56;hipc_entry:41;state:59,0.5,0.47881355932203395,known_visit_core_500,10,4,8
246,known_visit,HIPC,rayleigh_style,-52.15,19,361,4,10,hipc_rayleigh_style_sens_neg52_15,known_visit_g19_t10_n500.csv,10,True,48.71389946450391,48.71389946450391,0,0,0,56,28,60,0,2,0,0,321,0,162,438,45,56,106,116,46,0.14285714285714285,16.2,4.6,collision_intent:56;hipc_entry:46;state:60,0.55,0.46666666666666656,known_visit_core_500,10,4,8
247,known_visit,HIPC,rayleigh_style,-52.15,19,361,4,10,hipc_rayleigh_style_sens_neg52_15,known_visit_g19_t10_n500.csv,10,True,45.84603078446993,45.84603078446993,0,0,0,48,27,52,0,0,0,0,308,0,132,366,30,49,83,101,31,0.12048192771084337,13.2,3.1,collision_intent:49;hipc_entry:31;state:52,0.5,0.4903846153846154,known_visit_core_500,10,4,8
248,known_visit,HIPC,rayleigh_style,-52.15,19,361,4,10,hipc_rayleigh_style_sens_neg52_15,known_visit_g19_t10_n500.csv,10,True,66.94678394551758,66.94678394551758,0,0,0,55,39,59,0,2,0,0,468,0,162,442,41,58,104,117,45,0.13268608414239483,16.2,4.5,collision_intent:58;hipc_entry:45;state:59,0.5,0.521186440677966,known_visit_core_500,10,4,8
249,known_visit,HIPC,rayleigh_style,-52.15,19,361,4,10,hipc_rayleigh_style_sens_neg52_15,known_visit_g19_t10_n500.csv,10,True,44.06042693464701,44.06042693464701,0,0,0,44,26,48,0,0,0,0,299,0,133,374,23,46,87,94,39,0.0888030888030888,13.3,3.9,collision_intent:46;hipc_entry:39;state:48,0.5,0.4375,known_visit_core_500,10,4,8
250,known_visit,HIPC,rayleigh_style,-52.15,19,361,4,10,hipc_rayleigh_style_sens_neg52_15,known_visit_g19_t10_n500.csv,10,True,65.39050801505674,65.39050801505674,0,0,0,51,38,55,0,0,0,0,460,0,137,373,35,53,84,108,29,0.14056224899598393,13.7,2.9,collision_intent:53;hipc_entry:29;state:55,0.44999999999999996,0.5227272727272727,known_visit_core_500,10,4,8
251,known_visit,HIPC,rayleigh_style,-52.15,19,361,4,10,hipc_rayleigh_style_sens_neg52_15,known_visit_g19_t10_n500.csv,10,True,48.02073780636835,48.02073780636835,0,0,0,57,28,61,0,1,0,0,311,0,167,461,38,60,107,121,46,0.11912225705329153,16.7,4.6,collision_intent:60;hipc_entry:46;state:61,0.44999999999999996,0.3975409836065573,known_visit_core_500,10,4,8
252,known_visit,HIPC,rayleigh_style,-52.15,19,361,4,10,hipc_rayleigh_style_sens_neg52_15,known_visit_g19_t10_n500.csv,10,True,57.935413486236456,57.935413486236456,0,0,0,48,34,52,0,0,0,0,406,0,149,413,32,51,98,103,46,0.1095890410958904,14.9,4.6,collision_intent:51;hipc_entry:46;state:52,0.44999999999999996,0.48076923076923084,known_visit_core_500,10,4,8
253,known_visit,HIPC,rayleigh_style,-52.15,19,361,4,10,hipc_rayleigh_style_sens_neg52_15,known_visit_g19_t10_n500.csv,10,True,70.13685678607254,70.13685678607254,0,0,0,50,41,54,0,0,0,0,500,0,150,407,40,52,98,106,44,0.13745704467353953,15.0,4.4,collision_intent:52;hipc_entry:44;state:54,0.55,0.5740740740740742,known_visit_core_500,10,4,8
254,known_visit,HIPC,rayleigh_style,-52.15,19,361,4,10,hipc_rayleigh_style_sens_neg52_15,known_visit_g19_t10_n500.csv,10,True,64.96162151823653,64.96162151823653,0,0,0,47,38,51,0,0,0,0,461,0,178,477,54,50,128,101,77,0.14173228346456693,17.8,7.7,collision_intent:50;hipc_entry:77;state:51,0.5,0.5735294117647058,known_visit_core_500,10,4,8
255,known_visit,HIPC,rayleigh_style,-52.15,19,361,4,10,hipc_rayleigh_style_sens_neg52_15,known_visit_g19_t10_n500.csv,10,True,60.076438356332474,60.076438356332474,0,0,0,67,34,70,1,2,4,2,401,0,219,619,37,73,146,144,75,0.08466819221967964,21.9,7.5,collision_intent:73;hipc_entry:75;state:71,0.44999999999999996,0.3999999999999999,known_visit_core_500,10,4,8
256,known_visit,HIPC,rayleigh_style,-52.15,19,361,4,10,hipc_rayleigh_style_sens_neg52_15,known_visit_g19_t10_n500.csv,10,True,71.03201403518888,71.03201403518888,0,0,0,54,37,58,0,0,0,0,502,0,154,427,32,57,97,115,39,0.1111111111111111,15.4,3.9,collision_intent:57;hipc_entry:39;state:58,0.5,0.5431034482758621,known_visit_core_500,10,4,8
257,known_visit,HIPC,rayleigh_style,-52.15,19,361,4,10,hipc_rayleigh_style_sens_neg52_15,known_visit_g19_t10_n500.csv,10,True,55.39925281749944,55.39925281749944,0,0,0,60,33,64,0,0,0,0,369,0,156,429,36,61,95,125,31,0.1276595744680851,15.6,3.1,collision_intent:61;hipc_entry:31;state:64,0.5,0.4921875,known_visit_core_500,10,4,8
258,known_visit,HIPC,rayleigh_style,-52.15,19,361,4,10,hipc_rayleigh_style_sens_neg52_15,known_visit_g19_t10_n500.csv,10,True,51.17719196983987,51.17719196983987,0,0,0,52,30,56,0,0,0,0,346,0,141,394,26,53,88,109,32,0.09961685823754789,14.1,3.2,collision_intent:53;hipc_entry:32;state:56,0.55,0.5,known_visit_core_500,10,4,8
259,known_visit,HIPC,rayleigh_style,-52.15,19,361,4,10,hipc_rayleigh_style_sens_neg52_15,known_visit_g19_t10_n500.csv,10,True,86.87423345457101,86.87423345457101,0,0,0,61,50,65,0,1,0,0,619,0,193,548,29,64,129,129,64,0.07532467532467532,19.3,6.4,collision_intent:64;hipc_entry:64;state:65,0.7,0.5423076923076924,known_visit_core_500,10,4,8
260,known_visit,HIPC,rayleigh_style,-52.15,19,361,4,10,hipc_rayleigh_style_sens_neg52_15,known_visit_g19_t10_n500.csv,10,True,51.58798292146619,51.58798292146619,0,0,0,56,30,60,0,1,0,0,341,0,155,419,44,58,97,118,37,0.1522491349480969,15.5,3.7,collision_intent:58;hipc_entry:37;state:60,0.5,0.4750000000000001,known_visit_core_500,10,4,8
261,known_visit,HIPC,rayleigh_style,-52.15,19,361,4,10,hipc_rayleigh_style_sens_neg52_15,known_visit_g19_t10_n500.csv,10,True,48.679623941992446,48.679623941992446,0,0,0,56,28,60,0,2,0,0,325,0,154,422,37,57,97,117,37,0.1284722222222222,15.4,3.7,collision_intent:57;hipc_entry:37;state:60,0.55,0.46666666666666656,known_visit_core_500,10,4,8
262,known_visit,HIPC,rayleigh_style,-52.15,19,361,4,10,hipc_rayleigh_style_sens_neg52_15,known_visit_g19_t10_n500.csv,10,True,51.14135671046407,51.14135671046407,0,0,0,51,30,55,0,3,0,0,346,0,158,441,31,54,104,109,49,0.1,15.8,4.9,collision_intent:54;hipc_entry:49;state:55,0.5,0.46818181818181825,known_visit_core_500,10,4,8
263,known_visit,HIPC,rayleigh_style,-52.15,19,361,4,10,hipc_rayleigh_style_sens_neg52_15,known_visit_g19_t10_n500.csv,10,True,34.97888343864629,34.97888343864629,0,0,0,51,21,55,0,0,0,0,218,0,139,397,17,53,86,108,31,0.06666666666666667,13.9,3.1,collision_intent:53;hipc_entry:31;state:55,0.25,0.3136363636363637,known_visit_core_500,10,4,8
264,known_visit,HIPC,rayleigh_style,-52.15,19,361,4,10,hipc_rayleigh_style_sens_neg52_15,known_visit_g19_t10_n500.csv,10,True,44.92573878970921,44.92573878970921,0,0,0,43,26,47,0,1,0,0,309,0,151,430,20,46,105,93,58,0.0641025641025641,15.1,5.8,collision_intent:46;hipc_entry:58;state:47,0.5,0.4627659574468086,known_visit_core_500,10,4,8
265,known_visit,HIPC,rayleigh_style,-52.15,19,361,4,10,hipc_rayleigh_style_sens_neg52_15,known_visit_g19_t10_n500.csv,10,True,44.33431150904566,44.33431150904566,0,0,0,54,26,58,0,0,0,0,288,0,183,487,54,57,126,115,68,0.1447721179624665,18.3,6.8,collision_intent:57;hipc_entry:68;state:58,0.5,0.4224137931034482,known_visit_core_500,10,4,8
266,known_visit,HIPC,rayleigh_style,-52.15,19,361,4,10,hipc_rayleigh_style_sens_neg52_15,known_visit_g19_t10_n500.csv,10,True,66.23501619078306,66.23501619078306,0,0,0,52,38,56,0,0,0,0,470,0,150,418,29,54,96,110,40,0.10175438596491228,15.0,4.0,collision_intent:54;hipc_entry:40;state:56,0.6000000000000001,0.5089285714285714,known_visit_core_500,10,4,8
267,known_visit,HIPC,rayleigh_style,-52.15,19,361,4,10,hipc_rayleigh_style_sens_neg52_15,known_visit_g19_t10_n500.csv,10,True,45.79448916306751,45.79448916306751,0,0,0,47,27,51,0,0,0,0,309,0,140,391,26,49,91,100,40,0.0962962962962963,14.0,4.0,collision_intent:49;hipc_entry:40;state:51,0.3999999999999999,0.446078431372549,known_visit_core_500,10,4,8
268,known_visit,HIPC,rayleigh_style,-52.15,19,361,4,10,hipc_rayleigh_style_sens_neg52_15,known_visit_g19_t10_n500.csv,10,True,43.417798557838665,43.417798557838665,0,0,0,53,25,57,0,0,0,0,282,0,143,402,25,55,88,112,31,0.09541984732824428,14.3,3.1,collision_intent:55;hipc_entry:31;state:57,0.5,0.381578947368421,known_visit_core_500,10,4,8
269,known_visit,HIPC,rayleigh_style,-52.15,19,361,4,10,hipc_rayleigh_style_sens_neg52_15,known_visit_g19_t10_n500.csv,10,True,67.29023980703663,67.29023980703663,0,0,0,62,39,66,0,0,0,0,460,0,176,480,46,64,112,130,46,0.1377245508982036,17.6,4.6,collision_intent:64;hipc_entry:46;state:66,0.55,0.5303030303030303,known_visit_core_500,10,4,8
270,known_visit,HIPC,rayleigh_style,-52.15,19,361,4,10,hipc_rayleigh_style_sens_neg52_15,known_visit_g19_t10_n500.csv,10,True,51.57647418412809,51.57647418412809,0,0,0,48,30,52,0,0,0,0,354,0,144,401,28,50,94,102,42,0.1003584229390681,14.4,4.2,collision_intent:50;hipc_entry:42;state:52,0.55,0.4903846153846154,known_visit_core_500,10,4,8
271,known_visit,HIPC,rayleigh_style,-52.15,19,361,4,10,hipc_rayleigh_style_sens_neg52_15,known_visit_g19_t10_n500.csv,10,True,73.15690956422449,73.15690956422449,1,1,1,70,43,69,5,0,2,2,498,0,267,719,79,77,190,151,116,0.13932980599647266,26.7,11.6,collision_intent:77;hipc_entry:116;state:74,0.6000000000000001,0.5253623188405796,known_visit_core_500,10,4,8
272,known_visit,HIPC,rayleigh_style,-52.15,19,361,4,10,hipc_rayleigh_style_sens_neg52_15,known_visit_g19_t10_n500.csv,10,True,69.73177493242828,69.73177493242828,0,0,0,59,40,63,0,1,0,0,486,0,190,520,48,63,127,126,64,0.1266490765171504,19.0,6.4,collision_intent:63;hipc_entry:64;state:63,0.7,0.5436507936507937,known_visit_core_500,10,4,8
273,known_visit,HIPC,rayleigh_style,-52.15,19,361,4,10,hipc_rayleigh_style_sens_neg52_15,known_visit_g19_t10_n500.csv,10,True,94.3584020941562,94.3584020941562,0,0,0,58,55,62,0,0,0,0,682,0,161,429,52,59,102,121,40,0.17105263157894737,16.1,4.0,collision_intent:59;hipc_entry:40;state:62,0.6499999999999999,0.6774193548387097,known_visit_core_500,10,4,8
274,known_visit,HIPC,rayleigh_style,-52.15,19,361,4,10,hipc_rayleigh_style_sens_neg52_15,known_visit_g19_t10_n500.csv,10,True,52.62244569446879,52.62244569446879,0,0,0,64,31,67,1,1,0,0,344,0,211,591,40,66,145,134,77,0.09237875288683603,21.1,7.7,collision_intent:66;hipc_entry:77;state:68,0.6000000000000001,0.44402985074626855,known_visit_core_500,10,4,8
275,known_visit,HIPC,rayleigh_style,-52.15,19,361,4,10,hipc_rayleigh_style_sens_neg52_15,known_visit_g19_t10_n500.csv,10,True,66.10735155490053,66.10735155490053,0,0,0,47,38,51,0,0,0,0,473,0,135,380,23,49,86,100,35,0.08984375,13.5,3.5,collision_intent:49;hipc_entry:35;state:51,0.55,0.5735294117647058,known_visit_core_500,10,4,8
276,known_visit,HIPC,rayleigh_style,-52.15,19,361,4,10,hipc_rayleigh_style_sens_neg52_15,known_visit_g19_t10_n500.csv,10,True,46.5891099059772,46.5891099059772,0,0,0,53,27,57,0,0,0,0,307,0,146,411,25,53,93,110,36,0.09025270758122744,14.6,3.6,collision_intent:53;hipc_entry:36;state:57,0.5,0.4692982456140351,known_visit_core_500,10,4,8
277,known_visit,HIPC,rayleigh_style,-52.15,19,361,4,10,hipc_rayleigh_style_sens_neg52_15,known_visit_g19_t10_n500.csv,10,True,39.46312614575003,39.46312614575003,0,0,0,44,23,48,0,0,0,0,262,0,120,339,18,47,73,95,25,0.08333333333333333,12.0,2.5,collision_intent:47;hipc_entry:25;state:48,0.30000000000000004,0.35416666666666674,known_visit_core_500,10,4,8
278,known_visit,HIPC,rayleigh_style,-52.15,19,361,4,10,hipc_rayleigh_style_sens_neg52_15,known_visit_g19_t10_n500.csv,10,True,43.16241451813166,43.16241451813166,0,0,0,43,25,47,0,0,0,0,294,0,123,347,19,44,79,91,32,0.0811965811965812,12.3,3.2,collision_intent:44;hipc_entry:32;state:47,0.55,0.49468085106382986,known_visit_core_500,10,4,8
279,known_visit,HIPC,rayleigh_style,-52.15,19,361,4,10,hipc_rayleigh_style_sens_neg52_15,known_visit_g19_t10_n500.csv,10,True,51.90588235692589,51.90588235692589,0,0,0,50,30,54,0,0,0,0,353,0,146,409,26,52,94,106,40,0.0931899641577061,14.6,4.0,collision_intent:52;hipc_entry:40;state:54,0.6000000000000001,0.4814814814814814,known_visit_core_500,10,4,8
280,known_visit,HIPC,rayleigh_style,-52.15,19,361,4,10,hipc_rayleigh_style_sens_neg52_15,known_visit_g19_t10_n500.csv,10,True,47.16473239517655,47.16473239517655,0,0,0,52,28,56,0,1,0,0,314,0,153,416,41,54,99,110,43,0.13898305084745763,15.3,4.3,collision_intent:54;hipc_entry:43;state:56,0.3999999999999999,0.3839285714285714,known_visit_core_500,10,4,8
281,known_visit,HIPC,rayleigh_style,-52.15,19,361,4,10,hipc_rayleigh_style_sens_neg52_15,known_visit_g19_t10_n500.csv,10,True,60.78072609604813,60.78072609604813,0,0,0,47,35,51,0,0,0,0,429,0,135,369,33,50,85,101,34,0.13095238095238096,13.5,3.4,collision_intent:50;hipc_entry:34;state:51,0.3500000000000001,0.47549019607843146,known_visit_core_500,10,4,8
282,known_visit,HIPC,rayleigh_style,-52.15,19,361,4,10,hipc_rayleigh_style_sens_neg52_15,known_visit_g19_t10_n500.csv,10,True,66.31373434284441,66.31373434284441,0,0,0,54,38,58,0,0,0,0,462,0,154,436,24,56,98,114,40,0.0821917808219178,15.4,4.0,collision_intent:56;hipc_entry:40;state:58,0.6000000000000001,0.5431034482758621,known_visit_core_500,10,4,8
283,known_visit,HIPC,rayleigh_style,-52.15,19,361,4,10,hipc_rayleigh_style_sens_neg52_15,known_visit_g19_t10_n500.csv,10,True,80.02677798437857,80.02677798437857,1,1,1,65,46,68,1,0,0,0,559,0,178,490,41,67,111,136,42,0.12424242424242424,17.8,4.2,collision_intent:67;hipc_entry:42;state:69,0.6499999999999999,0.5294117647058822,known_visit_core_500,10,4,8
284,known_visit,HIPC,rayleigh_style,-52.15,19,361,4,10,hipc_rayleigh_style_sens_neg52_15,known_visit_g19_t10_n500.csv,10,True,73.59262861572466,73.59262861572466,0,0,0,51,43,55,0,0,0,0,524,0,148,415,28,53,95,108,40,0.09859154929577464,14.8,4.0,collision_intent:53;hipc_entry:40;state:55,0.6000000000000001,0.5954545454545455,known_visit_core_500,10,4,8
285,known_visit,HIPC,rayleigh_style,-52.15,19,361,4,10,hipc_rayleigh_style_sens_neg52_15,known_visit_g19_t10_n500.csv,10,True,83.95065009302516,83.95065009302516,0,0,0,57,49,59,2,0,0,0,601,0,162,443,41,59,103,120,42,0.13355048859934854,16.2,4.2,collision_intent:59;hipc_entry:42;state:61,0.55,0.6144067796610169,known_visit_core_500,10,4,8
286,known_visit,HIPC,rayleigh_style,-52.15,19,361,4,10,hipc_rayleigh_style_sens_neg52_15,known_visit_g19_t10_n500.csv,10,True,48.0410506162904,48.0410506162904,0,0,0,45,28,49,0,0,0,0,331,0,148,405,36,47,101,96,52,0.12,14.8,5.2,collision_intent:47;hipc_entry:52;state:49,0.5,0.48469387755102034,known_visit_core_500,10,4,8
287,known_visit,HIPC,rayleigh_style,-52.15,19,361,4,10,hipc_rayleigh_style_sens_neg52_15,known_visit_g19_t10_n500.csv,10,True,43.371355084085145,43.371355084085145,0,0,0,41,25,45,0,0,0,0,298,0,139,397,17,43,96,88,51,0.05964912280701754,13.9,5.1,collision_intent:43;hipc_entry:51;state:45,0.5,0.4722222222222223,known_visit_core_500,10,4,8
288,known_visit,HIPC,rayleigh_style,-52.15,19,361,4,10,hipc_rayleigh_style_sens_neg52_15,known_visit_g19_t10_n500.csv,10,True,77.65894410421532,77.65894410421532,0,0,0,59,45,63,0,0,0,0,547,0,186,507,49,61,125,124,62,0.13136729222520108,18.6,6.2,collision_intent:61;hipc_entry:62;state:63,0.6000000000000001,0.5833333333333333,known_visit_core_500,10,4,8
289,known_visit,HIPC,rayleigh_style,-52.15,19,361,4,10,hipc_rayleigh_style_sens_neg52_15,known_visit_g19_t10_n500.csv,10,True,67.11419536388466,67.11419536388466,0,0,0,54,39,58,0,0,0,0,472,0,170,472,37,56,114,114,56,0.10850439882697947,17.0,5.6,collision_intent:56;hipc_entry:56;state:58,0.6000000000000001,0.5517241379310345,known_visit_core_500,10,4,8
290,known_visit,HIPC,rayleigh_style,-52.15,19,361,4,10,hipc_rayleigh_style_sens_neg52_15,known_visit_g19_t10_n500.csv,10,True,67.42251389862315,67.42251389862315,1,1,1,63,39,65,2,0,0,0,463,0,169,452,52,65,104,132,37,0.16828478964401294,16.9,3.7,collision_intent:65;hipc_entry:37;state:67,0.55,0.49615384615384617,known_visit_core_500,10,4,8
291,known_visit,HIPC,rayleigh_style,-52.15,19,361,4,10,hipc_rayleigh_style_sens_neg52_15,known_visit_g19_t10_n500.csv,10,True,43.7987835567156,43.7987835567156,0,0,0,43,26,47,0,1,0,0,300,0,164,452,38,46,118,93,71,0.10795454545454546,16.4,7.1,collision_intent:46;hipc_entry:71;state:47,0.44999999999999996,0.42021276595744683,known_visit_core_500,10,4,8
292,known_visit,HIPC,rayleigh_style,-52.15,19,361,4,10,hipc_rayleigh_style_sens_neg52_15,known_visit_g19_t10_n500.csv,10,True,61.398978607030486,61.398978607030486,0,0,0,65,35,69,0,2,0,0,411,0,215,593,49,68,147,137,78,0.11187214611872145,21.5,7.8,collision_intent:68;hipc_entry:78;state:69,0.5,0.423913043478261,known_visit_core_500,10,4,8
293,known_visit,HIPC,rayleigh_style,-52.15,19,361,4,10,hipc_rayleigh_style_sens_neg52_15,known_visit_g19_t10_n500.csv,10,True,51.84879935031349,51.84879935031349,0,0,0,48,30,52,0,0,0,0,357,0,143,383,43,50,93,102,41,0.15579710144927536,14.3,4.1,collision_intent:50;hipc_entry:41;state:52,0.3999999999999999,0.5,known_visit_core_500,10,4,8
294,known_visit,HIPC,rayleigh_style,-52.15,19,361,4,10,hipc_rayleigh_style_sens_neg52_15,known_visit_g19_t10_n500.csv,10,True,76.26250339244089,76.26250339244089,0,0,0,54,44,58,0,0,0,0,543,0,157,431,39,56,101,114,43,0.1291390728476821,15.7,4.3,collision_intent:56;hipc_entry:43;state:58,0.44999999999999996,0.5689655172413792,known_visit_core_500,10,4,8
295,known_visit,HIPC,rayleigh_style,-52.15,19,361,4,10,hipc_rayleigh_style_sens_neg52_15,known_visit_g19_t10_n500.csv,10,True,59.54553380423066,59.54553380423066,0,0,0,57,35,61,0,0,0,0,405,0,158,442,29,58,100,119,39,0.09764309764309764,15.8,3.9,collision_intent:58;hipc_entry:39;state:61,0.6000000000000001,0.5204918032786885,known_visit_core_500,10,4,8
296,known_visit,HIPC,rayleigh_style,-52.15,19,361,4,10,hipc_rayleigh_style_sens_neg52_15,known_visit_g19_t10_n500.csv,10,True,53.09170080764877,53.09170080764877,0,0,0,50,31,53,1,1,0,0,365,0,140,390,27,53,87,107,33,0.10465116279069768,14.0,3.3,collision_intent:53;hipc_entry:33;state:54,0.25,0.40094339622641506,known_visit_core_500,10,4,8
297,known_visit,HIPC,rayleigh_style,-52.15,19,361,4,10,hipc_rayleigh_style_sens_neg52_15,known_visit_g19_t10_n500.csv,10,True,80.02675557800559,80.02675557800559,0,0,0,63,44,65,2,3,0,0,564,0,192,530,43,66,126,133,59,0.11466666666666667,19.2,5.9,collision_intent:66;hipc_entry:59;state:67,0.5,0.48076923076923084,known_visit_core_500,10,4,8
298,known_visit,HIPC,rayleigh_style,-52.15,19,361,4,10,hipc_rayleigh_style_sens_neg52_15,known_visit_g19_t10_n500.csv,10,True,66.78417098925023,66.78417098925023,0,0,0,60,39,64,0,0,0,0,461,0,176,476,49,61,115,125,51,0.14327485380116958,17.6,5.1,collision_intent:61;hipc_entry:51;state:64,0.55,0.5390625,known_visit_core_500,10,4,8
299,known_visit,HIPC,rayleigh_style,-52.15,19,361,4,10,hipc_rayleigh_style_sens_neg52_15,known_visit_g19_t10_n500.csv,10,True,84.99325315437531,84.99325315437531,0,0,0,56,49,59,1,0,0,0,608,0,171,460,50,59,112,119,52,0.15015015015015015,17.1,5.2,collision_intent:59;hipc_entry:52;state:60,0.7,0.6059322033898304,known_visit_core_500,10,4,8
300,known_visit,HIPC,rayleigh_style,-52.15,19,361,4,10,hipc_rayleigh_style_sens_neg52_15,known_visit_g19_t10_n500.csv,10,True,66.05275037159747,66.05275037159747,0,0,0,77,38,81,0,1,0,0,428,0,199,560,35,80,119,161,38,0.09859154929577464,19.9,3.8,collision_intent:80;hipc_entry:38;state:81,0.3999999999999999,0.31172839506172845,known_visit_core_500,10,4,8
301,known_visit,HIPC,rayleigh_style,-52.15,19,361,4,10,hipc_rayleigh_style_sens_neg52_15,known_visit_g19_t10_n500.csv,10,True,78.69293855974206,78.69293855974206,0,0,0,50,46,54,0,0,0,0,569,0,145,384,48,51,94,105,40,0.17204301075268819,14.5,4.0,collision_intent:51;hipc_entry:40;state:54,0.6499999999999999,0.6574074074074074,known_visit_core_500,10,4,8
302,known_visit,HIPC,rayleigh_style,-52.15,19,361,4,10,hipc_rayleigh_style_sens_neg52_15,known_visit_g19_t10_n500.csv,10,True,47.92413652845395,47.92413652845395,0,0,0,47,28,51,0,0,0,0,326,0,139,374,41,48,91,99,40,0.15129151291512916,13.9,4.0,collision_intent:48;hipc_entry:40;state:51,0.6499999999999999,0.5049019607843137,known_visit_core_500,10,4,8
303,known_visit,HIPC,rayleigh_style,-52.15,19,361,4,10,hipc_rayleigh_style_sens_neg52_15,known_visit_g19_t10_n500.csv,10,True,64.02789222512813,64.02789222512813,0,0,0,40,37,44,0,0,0,0,466,0,148,419,22,44,104,88,60,0.07119741100323625,14.8,6.0,collision_intent:44;hipc_entry:60;state:44,0.6000000000000001,0.6363636363636365,known_visit_core_500,10,4,8
304,known_visit,HIPC,rayleigh_style,-52.15,19,361,4,10,hipc_rayleigh_style_sens_neg52_15,known_visit_g19_t10_n500.csv,10,True,49.7106638414378,49.7106638414378,0,0,0,38,29,42,0,0,0,0,353,0,146,413,22,41,105,83,63,0.07051282051282051,14.6,6.3,collision_intent:41;hipc_entry:63;state:42,0.55,0.5119047619047619,known_visit_core_500,10,4,8
305,known_visit,HIPC,rayleigh_style,-52.15,19,361,4,10,hipc_rayleigh_style_sens_neg52_15,known_visit_g19_t10_n500.csv,10,True,83.19508406472171,83.19508406472171,0,0,0,67,47,71,0,0,0,0,580,0,192,534,40,69,123,140,52,0.10899182561307902,19.2,5.2,collision_intent:69;hipc_entry:52;state:71,0.7,0.5598591549295775,known_visit_core_500,10,4,8
306,known_visit,HIPC,rayleigh_style,-52.15,19,361,4,10,hipc_rayleigh_style_sens_neg52_15,known_visit_g19_t10_n500.csv,10,True,49.42616413560876,49.42616413560876,0,0,0,53,29,57,0,0,0,0,329,0,146,407,29,55,91,112,34,0.1070110701107011,14.6,3.4,collision_intent:55;hipc_entry:34;state:57,0.5,0.4605263157894737,known_visit_core_500,10,4,8
307,known_visit,HIPC,rayleigh_style,-52.15,19,361,4,10,hipc_rayleigh_style_sens_neg52_15,known_visit_g19_t10_n500.csv,10,True,66.68836488614758,66.68836488614758,0,0,0,55,38,59,0,0,0,0,467,0,158,437,34,56,102,115,43,0.11221122112211221,15.8,4.3,collision_intent:56;hipc_entry:43;state:59,0.6000000000000001,0.5550847457627119,known_visit_core_500,10,4,8
308,known_visit,HIPC,rayleigh_style,-52.15,19,361,4,10,hipc_rayleigh_style_sens_neg52_15,known_visit_g19_t10_n500.csv,10,True,71.27908990060331,71.27908990060331,0,0,0,60,41,64,0,0,0,0,496,0,167,457,42,62,105,126,41,0.134185303514377,16.7,4.1,collision_intent:62;hipc_entry:41;state:64,0.55,0.546875,known_visit_core_500,10,4,8
309,known_visit,HIPC,rayleigh_style,-52.15,19,361,4,10,hipc_rayleigh_style_sens_neg52_15,known_visit_g19_t10_n500.csv,10,True,65.41633585040273,65.41633585040273,0,0,0,56,38,60,0,0,0,0,454,0,149,396,49,57,92,117,32,0.17883211678832117,14.9,3.2,collision_intent:57;hipc_entry:32;state:60,0.55,0.55,known_visit_core_500,10,4,8
310,known_visit,HIPC,rayleigh_style,-52.15,19,361,4,10,hipc_rayleigh_style_sens_neg52_15,known_visit_g19_t10_n500.csv,10,True,72.02310006549214,72.02310006549214,1,1,1,63,42,66,1,0,0,0,496,0,171,476,36,66,105,133,38,0.11464968152866242,17.1,3.8,collision_intent:66;hipc_entry:38;state:67,0.55,0.5,known_visit_core_500,10,4,8
311,known_visit,HIPC,rayleigh_style,-52.15,19,361,4,10,hipc_rayleigh_style_sens_neg52_15,known_visit_g19_t10_n500.csv,10,True,45.70365516140523,45.70365516140523,0,0,0,47,27,51,0,0,0,0,309,0,135,383,20,48,87,99,36,0.07722007722007722,13.5,3.6,collision_intent:48;hipc_entry:36;state:51,0.55,0.4950980392156863,known_visit_core_500,10,4,8
312,known_visit,HIPC,rayleigh_style,-52.15,19,361,4,10,hipc_rayleigh_style_sens_neg52_15,known_visit_g19_t10_n500.csv,10,True,73.56825981371372,73.56825981371372,0,0,0,55,42,59,0,0,0,0,521,0,191,536,35,58,133,117,74,0.08816120906801007,19.1,7.4,collision_intent:58;hipc_entry:74;state:59,0.6000000000000001,0.5635593220338984,known_visit_core_500,10,4,8
313,known_visit,HIPC,rayleigh_style,-52.15,19,361,4,10,hipc_rayleigh_style_sens_neg52_15,known_visit_g19_t10_n500.csv,10,True,74.89138192042515,74.89138192042515,0,0,0,61,39,65,0,1,0,0,523,0,194,535,46,65,129,130,64,0.11917098445595854,19.4,6.4,collision_intent:65;hipc_entry:64;state:65,0.5,0.4884615384615385,known_visit_core_500,10,4,8
314,known_visit,HIPC,rayleigh_style,-52.15,19,361,4,10,hipc_rayleigh_style_sens_neg52_15,known_visit_g19_t10_n500.csv,10,True,53.683406014433814,53.683406014433814,0,0,0,55,30,59,0,5,0,0,365,0,209,583,41,56,153,115,94,0.08991228070175439,20.9,9.4,collision_intent:56;hipc_entry:94;state:59,0.55,0.4872881355932204,known_visit_core_500,10,4,8
315,known_visit,HIPC,rayleigh_style,-52.15,19,361,4,10,hipc_rayleigh_style_sens_neg52_15,known_visit_g19_t10_n500.csv,10,True,65.69226878696284,65.69226878696284,0,0,0,52,38,56,0,1,0,0,462,0,149,412,33,53,96,109,40,0.11538461538461539,14.9,4.0,collision_intent:53;hipc_entry:40;state:56,0.55,0.5714285714285714,known_visit_core_500,10,4,8
316,known_visit,HIPC,rayleigh_style,-52.15,19,361,4,10,hipc_rayleigh_style_sens_neg52_15,known_visit_g19_t10_n500.csv,10,True,47.49918956382952,47.49918956382952,0,0,0,55,28,59,0,0,0,0,311,0,168,463,38,57,111,116,52,0.11515151515151516,16.8,5.2,collision_intent:57;hipc_entry:52;state:59,0.5,0.4618644067796611,known_visit_core_500,10,4,8
317,known_visit,HIPC,rayleigh_style,-52.15,19,361,4,10,hipc_rayleigh_style_sens_neg52_15,known_visit_g19_t10_n500.csv,10,True,62.14227588780641,62.14227588780641,0,0,0,42,36,46,0,0,0,0,446,0,130,350,37,44,86,90,40,0.1450980392156863,13.0,4.0,collision_intent:44;hipc_entry:40;state:46,0.6000000000000001,0.5978260869565217,known_visit_core_500,10,4,8
318,known_visit,HIPC,rayleigh_style,-52.15,19,361,4,10,hipc_rayleigh_style_sens_neg52_15,known_visit_g19_t10_n500.csv,10,True,49.39035544701021,49.39035544701021,0,0,0,55,29,59,0,1,0,0,326,0,158,434,38,57,101,116,42,0.12624584717607973,15.8,4.2,collision_intent:57;hipc_entry:42;state:59,0.44999999999999996,0.4533898305084745,known_visit_core_500,10,4,8
319,known_visit,HIPC,rayleigh_style,-52.15,19,361,4,10,hipc_rayleigh_style_sens_neg52_15,known_visit_g19_t10_n500.csv,10,True,63.90519883873304,63.90519883873304,0,0,0,44,37,48,0,0,0,0,461,0,134,379,21,46,88,94,40,0.08015267175572519,13.4,4.0,collision_intent:46;hipc_entry:40;state:48,0.6000000000000001,0.59375,known_visit_core_500,10,4,8
320,known_visit,HIPC,rayleigh_style,-52.15,19,361,4,10,hipc_rayleigh_style_sens_neg52_15,known_visit_g19_t10_n500.csv,10,True,85.96323340437574,85.96323340437574,0,0,0,55,49,59,0,0,0,0,619,0,181,493,47,57,124,116,65,0.12737127371273713,18.1,6.5,collision_intent:57;hipc_entry:65;state:59,0.6499999999999999,0.6398305084745763,known_visit_core_500,10,4,8
321,known_visit,HIPC,rayleigh_style,-52.15,19,361,4,10,hipc_rayleigh_style_sens_neg52_15,known_visit_g19_t10_n500.csv,10,True,38.703975377492405,38.703975377492405,0,0,0,41,23,45,0,0,0,0,261,0,112,311,22,44,68,89,23,0.10945273631840796,11.2,2.3,collision_intent:44;hipc_entry:23;state:45,0.25,0.36111111111111116,known_visit_core_500,10,4,8
322,known_visit,HIPC,rayleigh_style,-52.15,19,361,4,10,hipc_rayleigh_style_sens_neg52_15,known_visit_g19_t10_n500.csv,10,True,55.80969598171974,55.80969598171974,0,0,0,49,31,52,1,0,0,0,388,0,143,393,35,50,93,103,40,0.12589928057553956,14.3,4.0,collision_intent:50;hipc_entry:40;state:53,0.6499999999999999,0.5192307692307692,known_visit_core_500,10,4,8
323,known_visit,HIPC,rayleigh_style,-52.15,19,361,4,10,hipc_rayleigh_style_sens_neg52_15,known_visit_g19_t10_n500.csv,10,True,38.04572861298197,38.04572861298197,0,0,0,52,22,56,0,2,0,0,239,0,145,401,32,54,91,110,35,0.11808118081180811,14.5,3.5,collision_intent:54;hipc_entry:35;state:56,0.44999999999999996,0.3035714285714286,known_visit_core_500,10,4,8
324,known_visit,HIPC,rayleigh_style,-52.15,19,361,4,10,hipc_rayleigh_style_sens_neg52_15,known_visit_g19_t10_n500.csv,10,True,48.13653722179393,48.13653722179393,0,0,0,55,28,59,0,0,0,0,318,0,162,459,24,57,105,116,46,0.07692307692307693,16.2,4.6,collision_intent:57;hipc_entry:46;state:59,0.5,0.44491525423728806,known_visit_core_500,10,4,8
325,known_visit,HIPC,rayleigh_style,-52.15,19,361,4,10,hipc_rayleigh_style_sens_neg52_15,known_visit_g19_t10_n500.csv,10,True,65.47807219574987,65.47807219574987,0,0,0,50,38,54,0,0,0,0,462,0,166,450,45,52,114,106,60,0.13274336283185842,16.6,6.0,collision_intent:52;hipc_entry:60;state:54,0.6499999999999999,0.5740740740740742,known_visit_core_500,10,4,8
326,known_visit,HIPC,rayleigh_style,-52.15,19,361,4,10,hipc_rayleigh_style_sens_neg52_15,known_visit_g19_t10_n500.csv,10,True,66.07283351968076,66.07283351968076,0,0,0,54,38,58,0,1,0,0,461,0,156,431,34,56,100,114,42,0.11447811447811448,15.6,4.2,collision_intent:56;hipc_entry:42;state:58,0.6000000000000001,0.5603448275862069,known_visit_core_500,10,4,8
327,known_visit,HIPC,rayleigh_style,-52.15,19,361,4,10,hipc_rayleigh_style_sens_neg52_15,known_visit_g19_t10_n500.csv,10,True,41.899354295301634,41.899354295301634,0,0,0,47,24,51,0,0,0,0,280,0,157,442,26,51,106,102,55,0.08253968253968254,15.7,5.5,collision_intent:51;hipc_entry:55;state:51,0.3999999999999999,0.3970588235294117,known_visit_core_500,10,4,8
328,known_visit,HIPC,rayleigh_style,-52.15,19,361,4,10,hipc_rayleigh_style_sens_neg52_15,known_visit_g19_t10_n500.csv,10,True,49.80973693434358,49.80973693434358,0,0,0,56,29,60,0,0,0,0,332,0,188,519,42,58,130,118,70,0.10852713178294573,18.8,7.0,collision_intent:58;hipc_entry:70;state:60,0.5,0.46666666666666656,known_visit_core_500,10,4,8
329,known_visit,HIPC,rayleigh_style,-52.15,19,361,4,10,hipc_rayleigh_style_sens_neg52_15,known_visit_g19_t10_n500.csv,10,True,46.27206439457236,46.27206439457236,0,0,0,52,27,56,0,0,0,0,306,0,156,419,46,54,102,110,46,0.15181518151815182,15.6,4.6,collision_intent:54;hipc_entry:46;state:56,0.55,0.4642857142857142,known_visit_core_500,10,4,8
330,known_visit,HIPC,rayleigh_style,-52.15,19,361,4,10,hipc_rayleigh_style_sens_neg52_15,known_visit_g19_t10_n500.csv,10,True,50.98851811057305,50.98851811057305,0,0,0,46,30,50,0,0,4,2,352,0,159,434,41,51,108,101,58,0.12732919254658384,15.9,5.8,collision_intent:51;hipc_entry:58;state:50,0.6000000000000001,0.49,known_visit_core_500,10,4,8
331,known_visit,HIPC,rayleigh_style,-52.15,19,361,4,10,hipc_rayleigh_style_sens_neg52_15,known_visit_g19_t10_n500.csv,10,True,59.40182251069672,59.40182251069672,0,0,0,48,34,52,0,0,0,0,418,0,157,445,23,51,106,103,54,0.07301587301587302,15.7,5.4,collision_intent:51;hipc_entry:54;state:52,0.6499999999999999,0.5288461538461537,known_visit_core_500,10,4,8
332,known_visit,HIPC,rayleigh_style,-52.15,19,361,4,10,hipc_rayleigh_style_sens_neg52_15,known_visit_g19_t10_n500.csv,10,True,53.33426828015244,53.33426828015244,0,0,0,55,30,59,0,0,1,1,363,0,197,557,31,59,138,118,79,0.07542579075425791,19.7,7.9,collision_intent:59;hipc_entry:79;state:59,0.55,0.3771186440677967,known_visit_core_500,10,4,8
333,known_visit,HIPC,rayleigh_style,-52.15,19,361,4,10,hipc_rayleigh_style_sens_neg52_15,known_visit_g19_t10_n500.csv,10,True,59.59682484405463,59.59682484405463,0,0,0,46,35,50,0,0,0,0,421,0,146,401,35,49,97,99,47,0.12110726643598616,14.6,4.7,collision_intent:49;hipc_entry:47;state:50,0.44999999999999996,0.53,known_visit_core_500,10,4,8
334,known_visit,HIPC,rayleigh_style,-52.15,19,361,4,10,hipc_rayleigh_style_sens_neg52_15,known_visit_g19_t10_n500.csv,10,True,70.15769605483254,70.15769605483254,1,1,1,65,41,61,8,0,0,0,477,0,219,596,59,68,151,137,82,0.13082039911308205,21.9,8.2,collision_intent:68;hipc_entry:82;state:69,0.55,0.5040983606557377,known_visit_core_500,10,4,8
335,known_visit,HIPC,rayleigh_style,-52.15,19,361,4,10,hipc_rayleigh_style_sens_neg52_15,known_visit_g19_t10_n500.csv,10,True,61.35391186994456,61.35391186994456,0,0,0,52,35,56,0,0,0,0,428,0,155,436,28,53,102,109,46,0.09180327868852459,15.5,4.6,collision_intent:53;hipc_entry:46;state:56,0.6000000000000001,0.5446428571428572,known_visit_core_500,10,4,8
336,known_visit,HIPC,rayleigh_style,-52.15,19,361,4,10,hipc_rayleigh_style_sens_neg52_15,known_visit_g19_t10_n500.csv,10,True,53.95838516777404,53.95838516777404,0,0,0,52,32,56,0,0,0,0,367,0,155,436,26,54,101,110,45,0.08666666666666667,15.5,4.5,collision_intent:54;hipc_entry:45;state:56,0.44999999999999996,0.5089285714285714,known_visit_core_500,10,4,8
337,known_visit,HIPC,rayleigh_style,-52.15,19,361,4,10,hipc_rayleigh_style_sens_neg52_15,known_visit_g19_t10_n500.csv,10,True,58.84475986170798,58.84475986170798,0,0,0,61,34,65,0,2,0,0,395,0,174,484,35,62,112,127,47,0.10510510510510511,17.4,4.7,collision_intent:62;hipc_entry:47;state:65,0.6000000000000001,0.49615384615384617,known_visit_core_500,10,4,8
338,known_visit,HIPC,rayleigh_style,-52.15,19,361,4,10,hipc_rayleigh_style_sens_neg52_15,known_visit_g19_t10_n500.csv,10,True,81.53944008465028,81.53944008465028,0,0,0,57,47,61,0,0,0,0,580,0,184,490,59,60,124,121,63,0.15989159891598917,18.4,6.3,collision_intent:60;hipc_entry:63;state:61,0.6499999999999999,0.5942622950819672,known_visit_core_500,10,4,8
339,known_visit,HIPC,rayleigh_style,-52.15,19,361,4,10,hipc_rayleigh_style_sens_neg52_15,known_visit_g19_t10_n500.csv,10,True,34.12665052771987,34.12665052771987,2,2,2,51,20,53,2,0,0,0,213,0,160,445,32,55,105,110,50,0.10256410256410256,16.0,5.0,collision_intent:55;hipc_entry:50;state:55,0.3999999999999999,0.25,known_visit_core_500,10,4,8
340,known_visit,HIPC,rayleigh_style,-52.15,19,361,4,10,hipc_rayleigh_style_sens_neg52_15,known_visit_g19_t10_n500.csv,10,True,88.75607883737416,88.75607883737416,0,0,0,56,51,60,0,0,0,0,643,0,167,465,34,58,109,118,49,0.10461538461538461,16.7,4.9,collision_intent:58;hipc_entry:49;state:60,0.7,0.6416666666666666,known_visit_core_500,10,4,8
341,known_visit,HIPC,rayleigh_style,-52.15,19,361,4,10,hipc_rayleigh_style_sens_neg52_15,known_visit_g19_t10_n500.csv,10,True,52.85369863933222,52.85369863933222,0,0,0,53,31,57,0,0,0,0,357,0,157,433,35,54,103,111,46,0.11437908496732026,15.7,4.6,collision_intent:54;hipc_entry:46;state:57,0.5,0.5043859649122806,known_visit_core_500,10,4,8
342,known_visit,HIPC,rayleigh_style,-52.15,19,361,4,10,hipc_rayleigh_style_sens_neg52_15,known_visit_g19_t10_n500.csv,10,True,50.927997682043724,50.927997682043724,0,0,0,39,29,43,0,1,0,0,361,0,131,356,35,40,91,83,48,0.12915129151291513,13.1,4.8,collision_intent:40;hipc_entry:48;state:43,0.6499999999999999,0.5639534883720929,known_visit_core_500,10,4,8
343,known_visit,HIPC,rayleigh_style,-52.15,19,361,4,10,hipc_rayleigh_style_sens_neg52_15,known_visit_g19_t10_n500.csv,10,True,60.24388203396493,60.24388203396493,0,0,0,56,35,60,0,0,0,0,415,0,203,571,35,60,143,120,83,0.08215962441314555,20.3,8.3,collision_intent:60;hipc_entry:83;state:60,0.6499999999999999,0.5,known_visit_core_500,10,4,8
344,known_visit,HIPC,rayleigh_style,-52.15,19,361,4,10,hipc_rayleigh_style_sens_neg52_15,known_visit_g19_t10_n500.csv,10,True,90.73420677640179,90.73420677640179,0,0,0,57,52,61,0,0,0,0,656,0,159,441,33,58,101,119,40,0.11,15.9,4.0,collision_intent:58;hipc_entry:40;state:61,0.6499999999999999,0.6598360655737705,known_visit_core_500,10,4,8
345,known_visit,HIPC,rayleigh_style,-52.15,19,361,4,10,hipc_rayleigh_style_sens_neg52_15,known_visit_g19_t10_n500.csv,10,True,70.2759897035006,70.2759897035006,0,0,0,52,40,56,0,0,0,0,497,0,150,407,40,54,96,110,40,0.14035087719298245,15.0,4.0,collision_intent:54;hipc_entry:40;state:56,0.6000000000000001,0.5714285714285714,known_visit_core_500,10,4,8
346,known_visit,HIPC,rayleigh_style,-52.15,19,361,4,10,hipc_rayleigh_style_sens_neg52_15,known_visit_g19_t10_n500.csv,10,True,66.1870622706874,66.1870622706874,1,1,1,62,39,64,2,0,0,0,452,0,183,498,50,65,118,131,52,0.141643059490085,18.3,5.2,collision_intent:65;hipc_entry:52;state:66,0.6000000000000001,0.453125,known_visit_core_500,10,4,8
347,known_visit,HIPC,rayleigh_style,-52.15,19,361,4,10,hipc_rayleigh_style_sens_neg52_15,known_visit_g19_t10_n500.csv,10,True,52.755231500639866,52.755231500639866,0,0,0,55,31,59,0,0,0,0,357,0,144,401,29,57,87,116,28,0.11196911196911197,14.4,2.8,collision_intent:57;hipc_entry:28;state:59,0.44999999999999996,0.4872881355932204,known_visit_core_500,10,4,8
348,known_visit,HIPC,rayleigh_style,-52.15,19,361,4,10,hipc_rayleigh_style_sens_neg52_15,known_visit_g19_t10_n500.csv,10,True,40.748780441131274,40.748780441131274,0,0,0,39,22,43,0,1,0,0,279,0,130,364,24,41,89,84,46,0.09056603773584905,13.0,4.6,collision_intent:41;hipc_entry:46;state:43,0.55,0.4593023255813953,known_visit_core_500,10,4,8
349,known_visit,HIPC,rayleigh_style,-52.15,19,361,4,10,hipc_rayleigh_style_sens_neg52_15,known_visit_g19_t10_n500.csv,10,True,58.92406255877575,58.92406255877575,0,0,0,58,34,62,0,0,0,0,400,0,175,488,35,61,114,123,52,0.10294117647058823,17.5,5.2,collision_intent:61;hipc_entry:52;state:62,0.55,0.45967741935483875,known_visit_core_500,10,4,8
350,known_visit,HIPC,rayleigh_style,-52.15,19,361,4,10,hipc_rayleigh_style_sens_neg52_15,known_visit_g19_t10_n500.csv,10,True,58.663508234427375,58.663508234427375,0,0,0,62,34,66,0,0,0,0,395,0,168,470,33,63,105,129,39,0.10509554140127389,16.8,3.9,collision_intent:63;hipc_entry:39;state:66,0.55,0.49242424242424243,known_visit_core_500,10,4,8
351,known_visit,HIPC,rayleigh_style,-52.15,19,361,4,10,hipc_rayleigh_style_sens_neg52_15,known_visit_g19_t10_n500.csv,10,True,50.90320540939258,50.90320540939258,0,0,0,39,30,43,0,0,0,0,360,0,150,421,27,40,110,83,67,0.08231707317073171,15.0,6.7,collision_intent:40;hipc_entry:67;state:43,0.6000000000000001,0.5755813953488371,known_visit_core_500,10,4,8
352,known_visit,HIPC,rayleigh_style,-52.15,19,361,4,10,hipc_rayleigh_style_sens_neg52_15,known_visit_g19_t10_n500.csv,10,True,35.47772193665646,35.47772193665646,0,0,0,45,21,49,0,0,0,0,228,0,120,340,18,47,73,96,24,0.08294930875576037,12.0,2.4,collision_intent:47;hipc_entry:24;state:49,0.30000000000000004,0.34183673469387754,known_visit_core_500,10,4,8
353,known_visit,HIPC,rayleigh_style,-52.15,19,361,4,10,hipc_rayleigh_style_sens_neg52_15,known_visit_g19_t10_n500.csv,10,True,65.26133610150833,65.26133610150833,0,0,0,58,38,62,0,2,0,0,452,0,165,446,47,60,105,122,43,0.1501597444089457,16.5,4.3,collision_intent:60;hipc_entry:43;state:62,0.6000000000000001,0.5403225806451613,known_visit_core_500,10,4,8
354,known_visit,HIPC,rayleigh_style,-52.15,19,361,4,10,hipc_rayleigh_style_sens_neg52_15,known_visit_g19_t10_n500.csv,10,True,96.52801164521263,96.52801164521263,0,0,0,59,55,63,0,0,0,0,696,0,158,432,39,60,98,123,35,0.13402061855670103,15.8,3.5,collision_intent:60;hipc_entry:35;state:63,0.6000000000000001,0.6706349206349207,known_visit_core_500,10,4,8
355,known_visit,HIPC,rayleigh_style,-52.15,19,361,4,10,hipc_rayleigh_style_sens_neg52_15,known_visit_g19_t10_n500.csv,10,True,58.377054432980394,58.377054432980394,0,0,0,59,34,63,0,0,0,0,396,0,179,498,36,62,117,125,54,0.10344827586206896,17.9,5.4,collision_intent:62;hipc_entry:54;state:63,0.55,0.48015873015873023,known_visit_core_500,10,4,8
356,known_visit,HIPC,rayleigh_style,-52.15,19,361,4,10,hipc_rayleigh_style_sens_neg52_15,known_visit_g19_t10_n500.csv,10,True,77.98842569503651,77.98842569503651,0,0,0,49,45,53,0,0,0,0,563,0,152,420,35,50,102,103,49,0.11475409836065574,15.2,4.9,collision_intent:50;hipc_entry:49;state:53,0.6000000000000001,0.6556603773584906,known_visit_core_500,10,4,8
357,known_visit,HIPC,rayleigh_style,-52.15,19,361,4,10,hipc_rayleigh_style_sens_neg52_15,known_visit_g19_t10_n500.csv,10,True,53.354275895288204,53.354275895288204,0,0,0,46,31,50,0,0,0,0,372,0,124,338,31,49,75,99,25,0.13963963963963963,12.4,2.5,collision_intent:49;hipc_entry:25;state:50,0.30000000000000004,0.42999999999999994,known_visit_core_500,10,4,8
358,known_visit,HIPC,rayleigh_style,-52.15,19,361,4,10,hipc_rayleigh_style_sens_neg52_15,known_visit_g19_t10_n500.csv,10,True,50.03351478068353,50.03351478068353,0,0,0,58,29,62,0,0,0,0,330,0,150,397,50,58,92,120,30,0.18315018315018314,15.0,3.0,collision_intent:58;hipc_entry:30;state:62,0.5,0.467741935483871,known_visit_core_500,10,4,8
359,known_visit,HIPC,rayleigh_style,-52.15,19,361,4,10,hipc_rayleigh_style_sens_neg52_15,known_visit_g19_t10_n500.csv,10,True,64.09680142557426,64.09680142557426,0,0,0,63,37,66,1,2,0,0,434,0,173,456,61,64,109,131,42,0.18769230769230769,17.3,4.2,collision_intent:64;hipc_entry:42;state:67,0.6000000000000001,0.5151515151515151,known_visit_core_500,10,4,8
360,known_visit,HIPC,rayleigh_style,-52.15,19,361,4,10,hipc_rayleigh_style_sens_neg52_15,known_visit_g19_t10_n500.csv,10,True,40.13341199217619,40.13341199217619,0,0,0,48,23,52,0,1,3,2,263,0,170,485,22,53,117,105,65,0.06321839080459771,17.0,6.5,collision_intent:53;hipc_entry:65;state:52,0.55,0.39423076923076916,known_visit_core_500,10,4,8
361,known_visit,HIPC,rayleigh_style,-52.15,19,361,4,10,hipc_rayleigh_style_sens_neg52_15,known_visit_g19_t10_n500.csv,10,True,71.28132371906324,71.28132371906324,0,0,0,54,41,58,0,1,0,0,504,0,165,451,41,56,109,114,51,0.12654320987654322,16.5,5.1,collision_intent:56;hipc_entry:51;state:58,0.6000000000000001,0.5689655172413792,known_visit_core_500,10,4,8
362,known_visit,HIPC,rayleigh_style,-52.15,19,361,4,10,hipc_rayleigh_style_sens_neg52_15,known_visit_g19_t10_n500.csv,10,True,58.384094154984076,58.384094154984076,0,0,0,53,31,57,0,0,0,0,402,0,160,441,36,55,105,112,48,0.11538461538461539,16.0,4.8,collision_intent:55;hipc_entry:48;state:57,0.44999999999999996,0.45175438596491224,known_visit_core_500,10,4,8
363,known_visit,HIPC,rayleigh_style,-52.15,19,361,4,10,hipc_rayleigh_style_sens_neg52_15,known_visit_g19_t10_n500.csv,10,True,78.07539220131119,78.07539220131119,0,0,0,50,45,54,0,2,0,0,563,0,167,458,41,52,115,106,61,0.119533527696793,16.7,6.1,collision_intent:52;hipc_entry:61;state:54,0.6499999999999999,0.6388888888888888,known_visit_core_500,10,4,8
364,known_visit,HIPC,rayleigh_style,-52.15,19,361,4,10,hipc_rayleigh_style_sens_neg52_15,known_visit_g19_t10_n500.csv,10,True,80.8538592099954,80.8538592099954,1,1,1,65,47,63,6,0,0,0,565,0,173,483,33,68,105,137,36,0.10576923076923077,17.3,3.6,collision_intent:68;hipc_entry:36;state:69,0.55,0.5833333333333333,known_visit_core_500,10,4,8
365,known_visit,HIPC,rayleigh_style,-52.15,19,361,4,10,hipc_rayleigh_style_sens_neg52_15,known_visit_g19_t10_n500.csv,10,True,37.10591462406608,37.10591462406608,0,0,0,54,22,58,0,0,0,0,231,0,159,441,33,56,103,114,45,0.10784313725490197,15.9,4.5,collision_intent:56;hipc_entry:45;state:58,0.25,0.31034482758620685,known_visit_core_500,10,4,8
366,known_visit,HIPC,rayleigh_style,-52.15,19,361,4,10,hipc_rayleigh_style_sens_neg52_15,known_visit_g19_t10_n500.csv,10,True,56.22304972841419,56.22304972841419,0,0,0,58,33,62,0,0,0,0,379,0,173,480,36,61,112,123,50,0.10810810810810811,17.3,5.0,collision_intent:61;hipc_entry:50;state:62,0.44999999999999996,0.4516129032258065,known_visit_core_500,10,4,8
367,known_visit,HIPC,rayleigh_style,-52.15,19,361,4,10,hipc_rayleigh_style_sens_neg52_15,known_visit_g19_t10_n500.csv,10,True,72.4183970766468,72.4183970766468,0,0,0,50,42,54,0,0,0,0,519,0,155,431,33,52,103,106,49,0.10714285714285714,15.5,4.9,collision_intent:52;hipc_entry:49;state:54,0.6000000000000001,0.5925925925925926,known_visit_core_500,10,4,8
368,known_visit,HIPC,rayleigh_style,-52.15,19,361,4,10,hipc_rayleigh_style_sens_neg52_15,known_visit_g19_t10_n500.csv,10,True,46.382740038764254,46.382740038764254,0,0,0,44,27,48,0,1,0,0,319,0,144,400,29,46,98,94,50,0.09965635738831616,14.4,5.0,collision_intent:46;hipc_entry:50;state:48,0.3999999999999999,0.42708333333333326,known_visit_core_500,10,4,8
369,known_visit,HIPC,rayleigh_style,-52.15,19,361,4,10,hipc_rayleigh_style_sens_neg52_15,known_visit_g19_t10_n500.csv,10,True,46.00810454027939,46.00810454027939,0,0,0,42,27,46,0,0,0,0,318,0,127,351,27,44,83,90,37,0.10975609756097561,12.7,3.7,collision_intent:44;hipc_entry:37;state:46,0.44999999999999996,0.5108695652173914,known_visit_core_500,10,4,8
370,known_visit,HIPC,rayleigh_style,-52.15,19,361,4,10,hipc_rayleigh_style_sens_neg52_15,known_visit_g19_t10_n500.csv,10,True,56.195240086889335,56.195240086889335,1,1,1,56,33,59,1,0,0,0,382,0,173,483,33,60,113,120,53,0.09821428571428571,17.3,5.3,collision_intent:60;hipc_entry:53;state:60,0.55,0.47033898305084754,known_visit_core_500,10,4,8
371,known_visit,HIPC,rayleigh_style,-52.15,19,361,4,10,hipc_rayleigh_style_sens_neg52_15,known_visit_g19_t10_n500.csv,10,True,63.473690310001665,63.473690310001665,0,0,0,49,36,53,0,3,0,0,448,0,161,450,31,51,110,104,57,0.09451219512195122,16.1,5.7,collision_intent:51;hipc_entry:57;state:53,0.55,0.5518867924528301,known_visit_core_500,10,4,8
372,known_visit,HIPC,rayleigh_style,-52.15,19,361,4,10,hipc_rayleigh_style_sens_neg52_15,known_visit_g19_t10_n500.csv,10,True,100.99654013812047,100.99654013812047,0,0,0,65,58,68,1,0,0,0,725,0,201,551,49,68,133,137,64,0.12373737373737374,20.1,6.4,collision_intent:68;hipc_entry:64;state:69,0.6000000000000001,0.625,known_visit_core_500,10,4,8
373,known_visit,HIPC,rayleigh_style,-52.15,19,361,4,10,hipc_rayleigh_style_sens_neg52_15,known_visit_g19_t10_n500.csv,10,True,68.134323197422,68.134323197422,0,0,0,48,39,52,0,0,0,0,487,0,138,380,32,49,89,101,37,0.12075471698113208,13.8,3.7,collision_intent:49;hipc_entry:37;state:52,0.6000000000000001,0.6057692307692308,known_visit_core_500,10,4,8
374,known_visit,HIPC,rayleigh_style,-52.15,19,361,4,10,hipc_rayleigh_style_sens_neg52_15,known_visit_g19_t10_n500.csv,10,True,68.56703229480009,68.56703229480009,0,0,0,47,40,51,0,1,0,0,493,0,177,485,44,52,125,103,74,0.11796246648793565,17.7,7.4,collision_intent:52;hipc_entry:74;state:51,0.7,0.5931372549019607,known_visit_core_500,10,4,8
375,known_visit,HIPC,rayleigh_style,-52.15,19,361,4,10,hipc_rayleigh_style_sens_neg52_15,known_visit_g19_t10_n500.csv,10,True,55.98602532151906,55.98602532151906,0,0,0,58,32,62,0,0,0,0,377,0,162,451,33,60,102,122,40,0.10855263157894737,16.2,4.0,collision_intent:60;hipc_entry:40;state:62,0.6000000000000001,0.41129032258064524,known_visit_core_500,10,4,8
376,known_visit,HIPC,rayleigh_style,-52.15,19,361,4,10,hipc_rayleigh_style_sens_neg52_15,known_visit_g19_t10_n500.csv,10,True,53.018976966129216,53.018976966129216,0,0,0,49,31,53,0,0,0,0,364,0,132,362,32,51,81,104,28,0.13278008298755187,13.2,2.8,collision_intent:51;hipc_entry:28;state:53,0.44999999999999996,0.4952830188679245,known_visit_core_500,10,4,8
377,known_visit,HIPC,rayleigh_style,-52.15,19,361,4,10,hipc_rayleigh_style_sens_neg52_15,known_visit_g19_t10_n500.csv,10,True,82.60731896026077,82.60731896026077,1,1,1,72,46,70,6,1,0,0,570,0,199,549,45,75,124,151,48,0.12195121951219512,19.9,4.8,collision_intent:75;hipc_entry:48;state:76,0.55,0.5285714285714285,known_visit_core_500,10,4,8
378,known_visit,HIPC,rayleigh_style,-52.15,19,361,4,10,hipc_rayleigh_style_sens_neg52_15,known_visit_g19_t10_n500.csv,10,True,45.83630660513522,45.83630660513522,0,0,0,51,27,55,0,0,0,0,305,0,147,406,33,53,94,108,39,0.11785714285714285,14.7,3.9,collision_intent:53;hipc_entry:39;state:55,0.44999999999999996,0.46818181818181825,known_visit_core_500,10,4,8
379,known_visit,HIPC,rayleigh_style,-52.15,19,361,4,10,hipc_rayleigh_style_sens_neg52_15,known_visit_g19_t10_n500.csv,10,True,85.65260152357831,85.65260152357831,0,0,0,60,50,64,0,1,0,0,610,0,176,479,49,63,113,127,49,0.14454277286135694,17.6,4.9,collision_intent:63;hipc_entry:49;state:64,0.7,0.5859375,known_visit_core_500,10,4,8
380,known_visit,HIPC,rayleigh_style,-52.15,19,361,4,10,hipc_rayleigh_style_sens_neg52_15,known_visit_g19_t10_n500.csv,10,True,49.61905066480521,49.61905066480521,0,0,0,54,29,58,0,2,0,0,328,0,188,519,43,57,131,115,73,0.10997442455242967,18.8,7.3,collision_intent:57;hipc_entry:73;state:58,0.3500000000000001,0.4310344827586208,known_visit_core_500,10,4,8
381,known_visit,HIPC,rayleigh_style,-52.15,19,361,4,10,hipc_rayleigh_style_sens_neg52_15,known_visit_g19_t10_n500.csv,10,True,66.73339364482985,66.73339364482985,0,0,0,72,38,76,0,0,0,0,446,0,184,509,40,74,110,150,34,0.12232415902140673,18.4,3.4,collision_intent:74;hipc_entry:34;state:76,0.5,0.39473684210526305,known_visit_core_500,10,4,8
382,known_visit,HIPC,rayleigh_style,-52.15,19,361,4,10,hipc_rayleigh_style_sens_neg52_15,known_visit_g19_t10_n500.csv,10,True,40.0986446623965,40.0986446623965,0,0,0,44,24,48,0,0,0,0,267,0,146,404,31,46,100,94,52,0.10437710437710437,14.6,5.2,collision_intent:46;hipc_entry:52;state:48,0.6000000000000001,0.46875,known_visit_core_500,10,4,8
383,known_visit,HIPC,rayleigh_style,-52.15,19,361,4,10,hipc_rayleigh_style_sens_neg52_15,known_visit_g19_t10_n500.csv,10,True,43.165814758800465,43.165814758800465,0,0,0,47,25,51,0,0,0,0,290,0,157,441,27,50,107,101,56,0.08490566037735849,15.7,5.6,collision_intent:50;hipc_entry:56;state:51,0.6000000000000001,0.47549019607843146,known_visit_core_500,10,4,8
384,known_visit,HIPC,rayleigh_style,-52.15,19,361,4,10,hipc_rayleigh_style_sens_neg52_15,known_visit_g19_t10_n500.csv,10,True,56.24611619500618,56.24611619500618,0,0,0,47,32,51,0,0,0,0,393,0,138,388,23,49,89,100,38,0.08712121212121213,13.8,3.8,collision_intent:49;hipc_entry:38;state:51,0.5,0.4950980392156863,known_visit_core_500,10,4,8
385,known_visit,HIPC,rayleigh_style,-52.15,19,361,4,10,hipc_rayleigh_style_sens_neg52_15,known_visit_g19_t10_n500.csv,10,True,72.67152972058369,72.67152972058369,0,0,0,61,42,65,0,0,0,0,507,0,200,553,45,63,137,128,72,0.1100244498777506,20.0,7.2,collision_intent:63;hipc_entry:72;state:65,0.6499999999999999,0.55,known_visit_core_500,10,4,8
386,known_visit,HIPC,rayleigh_style,-52.15,19,361,4,10,hipc_rayleigh_style_sens_neg52_15,known_visit_g19_t10_n500.csv,10,True,70.0275475706449,70.0275475706449,0,0,0,52,41,56,0,0,0,0,495,0,152,415,39,54,98,110,42,0.13356164383561644,15.2,4.2,collision_intent:54;hipc_entry:42;state:56,0.55,0.5535714285714286,known_visit_core_500,10,4,8
387,known_visit,HIPC,rayleigh_style,-52.15,19,361,4,10,hipc_rayleigh_style_sens_neg52_15,known_visit_g19_t10_n500.csv,10,True,53.31160176949665,53.31160176949665,0,0,0,52,31,56,0,0,0,0,362,0,157,437,31,54,103,110,47,0.10130718954248366,15.7,4.7,collision_intent:54;hipc_entry:47;state:56,0.6000000000000001,0.4910714285714286,known_visit_core_500,10,4,8
388,known_visit,HIPC,rayleigh_style,-52.15,19,361,4,10,hipc_rayleigh_style_sens_neg52_15,known_visit_g19_t10_n500.csv,10,True,84.51454164162098,84.51454164162098,0,0,0,53,49,57,0,0,0,0,610,0,188,497,64,56,132,113,75,0.1628498727735369,18.8,7.5,collision_intent:56;hipc_entry:75;state:57,0.7,0.6359649122807018,known_visit_core_500,10,4,8
389,known_visit,HIPC,rayleigh_style,-52.15,19,361,4,10,hipc_rayleigh_style_sens_neg52_15,known_visit_g19_t10_n500.csv,10,True,55.9023689025121,55.9023689025121,0,0,0,45,33,49,0,0,0,0,393,0,126,348,28,47,79,96,30,0.11914893617021277,12.6,3.0,collision_intent:47;hipc_entry:30;state:49,0.5,0.5561224489795917,known_visit_core_500,10,4,8
390,known_visit,HIPC,rayleigh_style,-52.15,19,361,4,10,hipc_rayleigh_style_sens_neg52_15,known_visit_g19_t10_n500.csv,10,True,92.72894843593315,92.72894843593315,0,0,0,65,54,69,0,0,0,0,660,0,190,488,81,66,124,135,55,0.2183288409703504,19.0,5.5,collision_intent:66;hipc_entry:55;state:69,0.6499999999999999,0.6268115942028984,known_visit_core_500,10,4,8
391,known_visit,HIPC,rayleigh_style,-52.15,19,361,4,10,hipc_rayleigh_style_sens_neg52_15,known_visit_g19_t10_n500.csv,10,True,68.1710906094562,68.1710906094562,0,0,0,49,39,53,0,0,0,0,486,0,153,417,40,51,102,104,49,0.13157894736842105,15.3,4.9,collision_intent:51;hipc_entry:49;state:53,0.55,0.5801886792452831,known_visit_core_500,10,4,8
392,known_visit,HIPC,rayleigh_style,-52.15,19,361,4,10,hipc_rayleigh_style_sens_neg52_15,known_visit_g19_t10_n500.csv,10,True,60.32615620487986,60.32615620487986,0,0,0,57,35,61,0,1,0,0,410,0,190,523,44,60,130,121,69,0.11369509043927649,19.0,6.9,collision_intent:60;hipc_entry:69;state:61,0.3999999999999999,0.44672131147540983,known_visit_core_500,10,4,8
393,known_visit,HIPC,rayleigh_style,-52.15,19,361,4,10,hipc_rayleigh_style_sens_neg52_15,known_visit_g19_t10_n500.csv,10,True,79.40162055168277,79.40162055168277,0,0,0,55,46,59,0,0,0,0,570,0,147,404,34,56,91,115,32,0.1259259259259259,14.7,3.2,collision_intent:56;hipc_entry:32;state:59,0.55,0.6228813559322033,known_visit_core_500,10,4,8
394,known_visit,HIPC,rayleigh_style,-52.15,19,361,4,10,hipc_rayleigh_style_sens_neg52_15,known_visit_g19_t10_n500.csv,10,True,57.54391021832457,57.54391021832457,0,0,0,52,33,56,0,2,0,0,395,0,180,494,43,54,126,110,70,0.11466666666666667,18.0,7.0,collision_intent:54;hipc_entry:70;state:56,0.6000000000000001,0.5178571428571428,known_visit_core_500,10,4,8
395,known_visit,HIPC,rayleigh_style,-52.15,19,361,4,10,hipc_rayleigh_style_sens_neg52_15,known_visit_g19_t10_n500.csv,10,True,49.359204307212316,49.359204307212316,0,0,0,51,29,55,0,0,0,0,331,0,139,378,38,52,87,107,32,0.14615384615384616,13.9,3.2,collision_intent:52;hipc_entry:32;state:55,0.55,0.49545454545454537,known_visit_core_500,10,4,8
396,known_visit,HIPC,rayleigh_style,-52.15,19,361,4,10,hipc_rayleigh_style_sens_neg52_15,known_visit_g19_t10_n500.csv,10,True,45.75445087794808,45.75445087794808,1,1,1,61,27,62,3,0,0,0,290,0,165,462,30,64,101,129,36,0.1,16.5,3.6,collision_intent:64;hipc_entry:36;state:65,0.55,0.39516129032258074,known_visit_core_500,10,4,8
397,known_visit,HIPC,rayleigh_style,-52.15,19,361,4,10,hipc_rayleigh_style_sens_neg52_15,known_visit_g19_t10_n500.csv,10,True,61.6286353648039,61.6286353648039,0,0,0,51,35,55,0,0,0,0,430,0,142,399,25,53,89,108,34,0.09433962264150944,14.2,3.4,collision_intent:53;hipc_entry:34;state:55,0.55,0.5136363636363637,known_visit_core_500,10,4,8
398,known_visit,HIPC,rayleigh_style,-52.15,19,361,4,10,hipc_rayleigh_style_sens_neg52_15,known_visit_g19_t10_n500.csv,10,True,48.00603994290831,48.00603994290831,0,0,0,54,28,58,0,0,0,0,316,0,140,391,27,57,83,115,25,0.10931174089068826,14.0,2.5,collision_intent:57;hipc_entry:25;state:58,0.30000000000000004,0.39655172413793105,known_visit_core_500,10,4,8
399,known_visit,HIPC,rayleigh_style,-52.15,19,361,4,10,hipc_rayleigh_style_sens_neg52_15,known_visit_g19_t10_n500.csv,10,True,55.8798868940347,55.8798868940347,0,0,0,47,32,51,0,0,0,0,390,0,142,389,34,50,92,101,41,0.12454212454212454,14.2,4.1,collision_intent:50;hipc_entry:41;state:51,0.30000000000000004,0.4558823529411764,known_visit_core_500,10,4,8
400,known_visit,HIPC,rayleigh_style,-52.15,19,361,4,10,hipc_rayleigh_style_sens_neg52_15,known_visit_g19_t10_n500.csv,10,True,51.12150117831053,51.12150117831053,0,0,0,38,30,42,0,0,0,0,362,0,139,384,32,40,99,82,57,0.10810810810810811,13.9,5.7,collision_intent:40;hipc_entry:57;state:42,0.6000000000000001,0.5595238095238095,known_visit_core_500,10,4,8
401,known_visit,HIPC,rayleigh_style,-52.15,19,361,4,10,hipc_rayleigh_style_sens_neg52_15,known_visit_g19_t10_n500.csv,10,True,85.18635952604059,85.18635952604059,0,0,0,65,49,69,0,0,0,0,602,0,194,527,52,67,127,136,58,0.13756613756613756,19.4,5.8,collision_intent:67;hipc_entry:58;state:69,0.6000000000000001,0.5833333333333333,known_visit_core_500,10,4,8
402,known_visit,HIPC,rayleigh_style,-52.15,19,361,4,10,hipc_rayleigh_style_sens_neg52_15,known_visit_g19_t10_n500.csv,10,True,66.51268035044686,66.51268035044686,0,0,0,46,38,50,0,0,0,0,477,0,145,407,25,47,98,97,48,0.0859106529209622,14.5,4.8,collision_intent:47;hipc_entry:48;state:50,0.7,0.6100000000000001,known_visit_core_500,10,4,8
403,known_visit,HIPC,rayleigh_style,-52.15,19,361,4,10,hipc_rayleigh_style_sens_neg52_15,known_visit_g19_t10_n500.csv,10,True,62.10002782427257,62.10002782427257,0,0,0,58,36,62,0,1,0,0,424,0,187,529,29,61,126,123,64,0.07733333333333334,18.7,6.4,collision_intent:61;hipc_entry:64;state:62,0.3999999999999999,0.4516129032258065,known_visit_core_500,10,4,8
404,known_visit,HIPC,rayleigh_style,-52.15,19,361,4,10,hipc_rayleigh_style_sens_neg52_15,known_visit_g19_t10_n500.csv,10,True,42.64694740756039,42.64694740756039,0,0,0,50,25,54,0,0,0,0,278,0,143,396,30,52,91,106,37,0.1111111111111111,14.3,3.7,collision_intent:52;hipc_entry:37;state:54,0.44999999999999996,0.4444444444444444,known_visit_core_500,10,4,8
405,known_visit,HIPC,rayleigh_style,-52.15,19,361,4,10,hipc_rayleigh_style_sens_neg52_15,known_visit_g19_t10_n500.csv,10,True,67.56847851596922,67.56847851596922,0,0,0,43,39,47,0,0,0,0,489,0,139,381,33,44,95,91,48,0.11702127659574468,13.9,4.8,collision_intent:44;hipc_entry:48;state:47,0.7,0.6436170212765957,known_visit_core_500,10,4,8
406,known_visit,HIPC,rayleigh_style,-52.15,19,361,4,10,hipc_rayleigh_style_sens_neg52_15,known_visit_g19_t10_n500.csv,10,True,63.57760052827988,63.57760052827988,0,0,0,51,37,55,0,0,0,0,445,0,177,501,27,54,123,109,68,0.07377049180327869,17.7,6.8,collision_intent:54;hipc_entry:68;state:55,0.6499999999999999,0.5227272727272727,known_visit_core_500,10,4,8
407,known_visit,HIPC,rayleigh_style,-52.15,19,361,4,10,hipc_rayleigh_style_sens_neg52_15,known_visit_g19_t10_n500.csv,10,True,56.3868035053373,56.3868035053373,0,0,0,49,33,53,0,0,0,0,394,0,148,414,28,50,98,103,45,0.0958904109589041,14.8,4.5,collision_intent:50;hipc_entry:45;state:53,0.6000000000000001,0.5424528301886793,known_visit_core_500,10,4,8
408,known_visit,HIPC,rayleigh_style,-52.15,19,361,4,10,hipc_rayleigh_style_sens_neg52_15,known_visit_g19_t10_n500.csv,10,True,57.89286445536917,57.89286445536917,0,0,0,54,33,58,0,1,0,0,398,0,153,430,26,55,98,113,40,0.08934707903780069,15.3,4.0,collision_intent:55;hipc_entry:40;state:58,0.55,0.5172413793103448,known_visit_core_500,10,4,8
409,known_visit,HIPC,rayleigh_style,-52.15,19,361,4,10,hipc_rayleigh_style_sens_neg52_15,known_visit_g19_t10_n500.csv,10,True,64.28259250809583,64.28259250809583,0,0,0,50,38,54,0,0,0,0,454,0,144,387,42,53,91,107,37,0.15555555555555556,14.4,3.7,collision_intent:53;hipc_entry:37;state:54,0.30000000000000004,0.5277777777777777,known_visit_core_500,10,4,8
410,known_visit,HIPC,rayleigh_style,-52.15,19,361,4,10,hipc_rayleigh_style_sens_neg52_15,known_visit_g19_t10_n500.csv,10,True,98.42289285412872,98.42289285412872,1,1,1,77,57,80,1,2,0,0,688,0,235,652,51,80,155,161,74,0.1101511879049676,23.5,7.4,collision_intent:80;hipc_entry:74;state:81,0.6499999999999999,0.58125,known_visit_core_500,10,4,8
411,known_visit,HIPC,rayleigh_style,-52.15,19,361,4,10,hipc_rayleigh_style_sens_neg52_15,known_visit_g19_t10_n500.csv,10,True,46.29621855120936,46.29621855120936,0,0,0,54,27,58,0,1,0,0,305,0,174,486,33,56,118,114,60,0.09401709401709402,17.4,6.0,collision_intent:56;hipc_entry:60;state:58,0.5,0.4568965517241379,known_visit_core_500,10,4,8
412,known_visit,HIPC,rayleigh_style,-52.15,19,361,4,10,hipc_rayleigh_style_sens_neg52_15,known_visit_g19_t10_n500.csv,10,True,67.41405261152073,67.41405261152073,0,0,0,52,39,56,0,0,0,0,476,0,170,478,30,54,116,110,60,0.08670520231213873,17.0,6.0,collision_intent:54;hipc_entry:60;state:56,0.6499999999999999,0.5714285714285714,known_visit_core_500,10,4,8
413,known_visit,HIPC,rayleigh_style,-52.15,19,361,4,10,hipc_rayleigh_style_sens_neg52_15,known_visit_g19_t10_n500.csv,10,True,55.87161480785256,55.87161480785256,0,0,0,54,33,58,0,0,0,0,380,0,148,412,29,55,93,113,35,0.10507246376811594,14.8,3.5,collision_intent:55;hipc_entry:35;state:58,0.6000000000000001,0.5172413793103448,known_visit_core_500,10,4,8
414,known_visit,HIPC,rayleigh_style,-52.15,19,361,4,10,hipc_rayleigh_style_sens_neg52_15,known_visit_g19_t10_n500.csv,10,True,59.11155837084982,59.11155837084982,0,0,0,73,34,76,1,2,0,0,381,0,220,606,52,76,144,153,67,0.12093023255813953,22.0,6.7,collision_intent:76;hipc_entry:67;state:77,0.3999999999999999,0.2828947368421053,known_visit_core_500,10,4,8
415,known_visit,HIPC,rayleigh_style,-52.15,19,361,4,10,hipc_rayleigh_style_sens_neg52_15,known_visit_g19_t10_n500.csv,10,True,70.83686145032488,70.83686145032488,0,0,0,52,41,56,0,0,0,0,502,0,144,401,28,54,90,110,34,0.10486891385767791,14.4,3.4,collision_intent:54;hipc_entry:34;state:56,0.55,0.5714285714285714,known_visit_core_500,10,4,8
416,known_visit,HIPC,rayleigh_style,-52.15,19,361,4,10,hipc_rayleigh_style_sens_neg52_15,known_visit_g19_t10_n500.csv,10,True,48.82752669646262,48.82752669646262,0,0,0,55,29,59,0,0,0,0,324,0,150,423,24,58,92,117,33,0.08791208791208792,15.0,3.3,collision_intent:58;hipc_entry:33;state:59,0.25,0.3432203389830508,known_visit_core_500,10,4,8
417,known_visit,HIPC,rayleigh_style,-52.15,19,361,4,10,hipc_rayleigh_style_sens_neg52_15,known_visit_g19_t10_n500.csv,10,True,47.27453391335632,47.27453391335632,0,0,0,50,28,54,0,0,0,0,320,0,147,401,37,52,95,106,41,0.13120567375886524,14.7,4.1,collision_intent:52;hipc_entry:41;state:54,0.30000000000000004,0.4259259259259258,known_visit_core_500,10,4,8
418,known_visit,HIPC,rayleigh_style,-52.15,19,361,4,10,hipc_rayleigh_style_sens_neg52_15,known_visit_g19_t10_n500.csv,10,True,71.4796971054277,71.4796971054277,0,0,0,57,41,61,0,0,0,0,501,0,175,499,24,61,114,122,53,0.07058823529411765,17.5,5.3,collision_intent:61;hipc_entry:53;state:61,0.6000000000000001,0.4795081967213115,known_visit_core_500,10,4,8
419,known_visit,HIPC,rayleigh_style,-52.15,19,361,4,10,hipc_rayleigh_style_sens_neg52_15,known_visit_g19_t10_n500.csv,10,True,73.49067914209711,73.49067914209711,0,0,0,47,42,51,0,1,0,0,531,0,195,537,47,51,144,102,93,0.10904872389791183,19.5,9.3,collision_intent:51;hipc_entry:93;state:51,0.7,0.6029411764705883,known_visit_core_500,10,4,8
420,known_visit,HIPC,rayleigh_style,-52.15,19,361,4,10,hipc_rayleigh_style_sens_neg52_15,known_visit_g19_t10_n500.csv,10,True,74.21503909785366,74.21503909785366,0,0,0,48,43,51,1,0,0,0,538,0,153,401,55,50,103,102,51,0.17973856209150327,15.3,5.1,collision_intent:50;hipc_entry:51;state:52,0.6499999999999999,0.6323529411764706,known_visit_core_500,10,4,8
421,known_visit,HIPC,rayleigh_style,-52.15,19,361,4,10,hipc_rayleigh_style_sens_neg52_15,known_visit_g19_t10_n500.csv,10,True,56.523693399149145,56.523693399149145,0,0,0,55,33,59,0,0,0,0,383,0,158,431,40,56,102,115,43,0.132013201320132,15.8,4.3,collision_intent:56;hipc_entry:43;state:59,0.6000000000000001,0.5127118644067796,known_visit_core_500,10,4,8
422,known_visit,HIPC,rayleigh_style,-52.15,19,361,4,10,hipc_rayleigh_style_sens_neg52_15,known_visit_g19_t10_n500.csv,10,True,60.02722792920853,60.02722792920853,0,0,0,60,35,64,0,0,0,0,403,0,163,429,59,61,102,125,38,0.19344262295081968,16.3,3.8,collision_intent:61;hipc_entry:38;state:64,0.55,0.5078125,known_visit_core_500,10,4,8
423,known_visit,HIPC,rayleigh_style,-52.15,19,361,4,10,hipc_rayleigh_style_sens_neg52_15,known_visit_g19_t10_n500.csv,10,True,45.53364586646365,45.53364586646365,0,0,0,50,27,54,0,2,0,0,302,0,162,445,38,52,110,106,56,0.1162079510703364,16.2,5.6,collision_intent:52;hipc_entry:56;state:54,0.3999999999999999,0.38888888888888884,known_visit_core_500,10,4,8
424,known_visit,HIPC,rayleigh_style,-52.15,19,361,4,10,hipc_rayleigh_style_sens_neg52_15,known_visit_g19_t10_n500.csv,10,True,64.1317329884869,64.1317329884869,0,0,0,48,37,52,0,0,0,0,455,0,136,380,25,50,86,102,34,0.09803921568627451,13.6,3.4,collision_intent:50;hipc_entry:34;state:52,0.55,0.5769230769230769,known_visit_core_500,10,4,8
425,known_visit,HIPC,rayleigh_style,-52.15,19,361,4,10,hipc_rayleigh_style_sens_neg52_15,known_visit_g19_t10_n500.csv,10,True,66.48165493120261,66.48165493120261,1,1,1,57,20,58,3,0,0,0,462,0,169,473,32,59,110,120,49,0.0975609756097561,16.9,4.9,collision_intent:59;hipc_entry:49;state:61,0.44999999999999996,0.25,known_visit_core_500,10,4,8
426,known_visit,HIPC,rayleigh_style,-52.15,19,361,4,10,hipc_rayleigh_style_sens_neg52_15,known_visit_g19_t10_n500.csv,10,True,59.35093481049404,59.35093481049404,0,0,0,53,35,57,0,0,0,0,408,0,143,391,36,54,89,111,32,0.13584905660377358,14.3,3.2,collision_intent:54;hipc_entry:32;state:57,0.55,0.5394736842105263,known_visit_core_500,10,4,8
427,known_visit,HIPC,rayleigh_style,-52.15,19,361,4,10,hipc_rayleigh_style_sens_neg52_15,known_visit_g19_t10_n500.csv,10,True,41.30364146916232,41.30364146916232,0,0,0,39,24,43,0,0,0,0,285,0,128,353,28,40,88,83,45,0.10727969348659004,12.8,4.5,collision_intent:40;hipc_entry:45;state:43,0.55,0.5058139534883721,known_visit_core_500,10,4,8
428,known_visit,HIPC,rayleigh_style,-52.15,19,361,4,10,hipc_rayleigh_style_sens_neg52_15,known_visit_g19_t10_n500.csv,10,True,64.18578961204616,64.18578961204616,0,0,0,58,38,62,0,0,0,0,442,0,159,425,50,59,100,121,38,0.16778523489932887,15.9,3.8,collision_intent:59;hipc_entry:38;state:62,0.55,0.5403225806451613,known_visit_core_500,10,4,8
429,known_visit,HIPC,rayleigh_style,-52.15,19,361,4,10,hipc_rayleigh_style_sens_neg52_15,known_visit_g19_t10_n500.csv,10,True,51.15123811126184,51.15123811126184,0,0,0,40,30,44,0,1,0,0,363,0,147,415,24,43,104,87,60,0.07741935483870968,14.7,6.0,collision_intent:43;hipc_entry:60;state:44,0.55,0.5340909090909092,known_visit_core_500,10,4,8
430,known_visit,HIPC,rayleigh_style,-52.15,19,361,4,10,hipc_rayleigh_style_sens_neg52_15,known_visit_g19_t10_n500.csv,10,True,60.51636745503034,60.51636745503034,0,0,0,58,36,62,0,0,0,0,412,0,158,433,39,59,99,121,37,0.13220338983050847,15.8,3.7,collision_intent:59;hipc_entry:37;state:62,0.5,0.5241935483870968,known_visit_core_500,10,4,8
431,known_visit,HIPC,rayleigh_style,-52.15,19,361,4,10,hipc_rayleigh_style_sens_neg52_15,known_visit_g19_t10_n500.csv,10,True,47.720524400843644,47.720524400843644,0,0,0,51,28,55,0,0,0,0,318,0,145,405,27,52,93,107,38,0.09782608695652174,14.5,3.8,collision_intent:52;hipc_entry:38;state:55,0.6000000000000001,0.48636363636363633,known_visit_core_500,10,4,8
432,known_visit,HIPC,rayleigh_style,-52.15,19,361,4,10,hipc_rayleigh_style_sens_neg52_15,known_visit_g19_t10_n500.csv,10,True,75.50890492822792,75.50890492822792,0,0,0,47,44,51,0,0,0,0,546,0,166,438,58,50,116,101,65,0.1676300578034682,16.6,6.5,collision_intent:50;hipc_entry:65;state:51,0.7,0.6519607843137254,known_visit_core_500,10,4,8
433,known_visit,HIPC,rayleigh_style,-52.15,19,361,4,10,hipc_rayleigh_style_sens_neg52_15,known_visit_g19_t10_n500.csv,10,True,58.500772924657475,58.500772924657475,0,0,0,50,35,54,0,0,0,0,409,0,156,427,38,54,102,108,48,0.1254125412541254,15.6,4.8,collision_intent:54;hipc_entry:48;state:54,0.44999999999999996,0.5277777777777777,known_visit_core_500,10,4,8
434,known_visit,HIPC,rayleigh_style,-52.15,19,361,4,10,hipc_rayleigh_style_sens_neg52_15,known_visit_g19_t10_n500.csv,10,True,60.77104960782502,60.77104960782502,0,0,0,61,35,65,0,0,0,0,411,0,193,528,48,63,130,128,65,0.12403100775193798,19.3,6.5,collision_intent:63;hipc_entry:65;state:65,0.55,0.49615384615384617,known_visit_core_500,10,4,8
435,known_visit,HIPC,rayleigh_style,-52.15,19,361,4,10,hipc_rayleigh_style_sens_neg52_15,known_visit_g19_t10_n500.csv,10,True,40.79851444189817,40.79851444189817,0,0,0,48,24,52,0,0,0,0,268,0,139,398,16,50,89,102,37,0.06060606060606061,13.9,3.7,collision_intent:50;hipc_entry:37;state:52,0.3500000000000001,0.40384615384615374,known_visit_core_500,10,4,8
436,known_visit,HIPC,rayleigh_style,-52.15,19,361,4,10,hipc_rayleigh_style_sens_neg52_15,known_visit_g19_t10_n500.csv,10,True,52.48599678177621,52.48599678177621,0,0,0,43,30,47,0,0,0,0,368,0,131,360,30,44,87,91,40,0.11627906976744186,13.1,4.0,collision_intent:44;hipc_entry:40;state:47,0.6499999999999999,0.5478723404255319,known_visit_core_500,10,4,8
437,known_visit,HIPC,rayleigh_style,-52.15,19,361,4,10,hipc_rayleigh_style_sens_neg52_15,known_visit_g19_t10_n500.csv,10,True,81.05441778722688,81.05441778722688,1,1,1,73,47,74,3,2,0,0,556,0,228,634,48,76,152,153,75,0.10572687224669604,22.8,7.5,collision_intent:76;hipc_entry:75;state:77,0.7,0.4932432432432432,known_visit_core_500,10,4,8
438,known_visit,HIPC,rayleigh_style,-52.15,19,361,4,10,hipc_rayleigh_style_sens_neg52_15,known_visit_g19_t10_n500.csv,10,True,57.52893350743119,57.52893350743119,0,0,0,58,33,62,0,0,0,0,391,0,190,534,33,61,129,123,67,0.0859375,19.0,6.7,collision_intent:61;hipc_entry:67;state:62,0.6000000000000001,0.47580645161290325,known_visit_core_500,10,4,8
439,known_visit,HIPC,rayleigh_style,-52.15,19,361,4,10,hipc_rayleigh_style_sens_neg52_15,known_visit_g19_t10_n500.csv,10,True,67.88973585563271,67.88973585563271,0,0,0,54,39,58,0,0,0,0,474,0,152,411,42,57,95,115,37,0.14893617021276595,15.2,3.7,collision_intent:57;hipc_entry:37;state:58,0.3999999999999999,0.5,known_visit_core_500,10,4,8
440,known_visit,HIPC,rayleigh_style,-52.15,19,361,4,10,hipc_rayleigh_style_sens_neg52_15,known_visit_g19_t10_n500.csv,10,True,60.69191364196989,60.69191364196989,0,0,0,42,35,46,0,0,0,0,435,0,138,383,28,44,94,90,48,0.1003584229390681,13.8,4.8,collision_intent:44;hipc_entry:48;state:46,0.7,0.576086956521739,known_visit_core_500,10,4,8
441,known_visit,HIPC,rayleigh_style,-52.15,19,361,4,10,hipc_rayleigh_style_sens_neg52_15,known_visit_g19_t10_n500.csv,10,True,62.90095293987137,62.90095293987137,0,0,0,51,36,55,0,0,0,0,441,0,142,392,32,53,89,108,34,0.12075471698113208,14.2,3.4,collision_intent:53;hipc_entry:34;state:55,0.55,0.55,known_visit_core_500,10,4,8
442,known_visit,HIPC,rayleigh_style,-52.15,19,361,4,10,hipc_rayleigh_style_sens_neg52_15,known_visit_g19_t10_n500.csv,10,True,86.06058288287846,86.06058288287846,0,0,0,60,49,64,0,0,0,0,617,0,171,470,40,63,108,127,44,0.12461059190031153,17.1,4.4,collision_intent:63;hipc_entry:44;state:64,0.55,0.578125,known_visit_core_500,10,4,8
443,known_visit,HIPC,rayleigh_style,-52.15,19,361,4,10,hipc_rayleigh_style_sens_neg52_15,known_visit_g19_t10_n500.csv,10,True,44.58388717370342,44.58388717370342,1,1,1,61,26,63,2,0,0,0,280,0,164,456,34,63,101,128,36,0.11295681063122924,16.4,3.6,collision_intent:63;hipc_entry:36;state:65,0.55,0.36904761904761907,known_visit_core_500,10,4,8
444,known_visit,HIPC,rayleigh_style,-52.15,19,361,4,10,hipc_rayleigh_style_sens_neg52_15,known_visit_g19_t10_n500.csv,10,True,39.46943093562153,39.46943093562153,0,0,0,47,23,51,0,0,0,0,259,0,130,365,23,49,81,100,30,0.0954356846473029,13.0,3.0,collision_intent:49;hipc_entry:30;state:51,0.5,0.4362745098039216,known_visit_core_500,10,4,8
445,known_visit,HIPC,rayleigh_style,-52.15,19,361,4,10,hipc_rayleigh_style_sens_neg52_15,known_visit_g19_t10_n500.csv,10,True,36.628369969688045,36.628369969688045,0,0,0,38,22,42,0,0,0,0,247,0,129,353,32,41,88,83,46,0.12213740458015267,12.9,4.6,collision_intent:41;hipc_entry:46;state:42,0.5,0.44047619047619047,known_visit_core_500,10,4,8
446,known_visit,HIPC,rayleigh_style,-52.15,19,361,4,10,hipc_rayleigh_style_sens_neg52_15,known_visit_g19_t10_n500.csv,10,True,64.51992947788081,64.51992947788081,0,0,0,45,38,49,0,0,0,0,464,0,136,373,34,48,88,97,39,0.12927756653992395,13.6,3.9,collision_intent:48;hipc_entry:39;state:49,0.55,0.5663265306122449,known_visit_core_500,10,4,8
447,known_visit,HIPC,rayleigh_style,-52.15,19,361,4,10,hipc_rayleigh_style_sens_neg52_15,known_visit_g19_t10_n500.csv,10,True,78.32553665291154,78.32553665291154,2,2,2,76,45,72,8,3,0,0,534,0,251,697,53,78,173,158,93,0.10271317829457365,25.1,9.3,collision_intent:78;hipc_entry:93;state:80,0.6499999999999999,0.5069444444444444,known_visit_core_500,10,4,8
448,known_visit,HIPC,rayleigh_style,-52.15,19,361,4,10,hipc_rayleigh_style_sens_neg52_15,known_visit_g19_t10_n500.csv,10,True,64.97736079421662,64.97736079421662,0,0,0,62,38,64,2,0,0,0,442,0,174,483,37,65,109,131,43,0.11384615384615385,17.4,4.3,collision_intent:65;hipc_entry:43;state:66,0.44999999999999996,0.4453125,known_visit_core_500,10,4,8
449,known_visit,HIPC,rayleigh_style,-52.15,19,361,4,10,hipc_rayleigh_style_sens_neg52_15,known_visit_g19_t10_n500.csv,10,True,80.36716652725393,80.36716652725393,1,1,1,65,42,67,2,0,0,0,563,0,217,599,49,69,148,138,79,0.1111111111111111,21.7,7.9,collision_intent:69;hipc_entry:79;state:69,0.6499999999999999,0.541044776119403,known_visit_core_500,10,4,8
450,known_visit,HIPC,rayleigh_style,-52.15,19,361,4,10,hipc_rayleigh_style_sens_neg52_15,known_visit_g19_t10_n500.csv,10,True,175.22368007855033,175.22368007855033,0,0,0,106,36,105,5,6,1,1,1263,3,331,952,38,115,216,225,106,0.05891472868217054,33.1,10.6,collision_intent:115;hipc_entry:106;state:110,0.3999999999999999,0.17380952380952386,known_visit_core_500,10,4,8
451,known_visit,HIPC,rayleigh_style,-52.15,19,361,4,10,hipc_rayleigh_style_sens_neg52_15,known_visit_g19_t10_n500.csv,10,True,67.14157383504535,67.14157383504535,0,0,0,59,25,63,0,1,0,0,464,0,165,447,45,63,102,126,39,0.1485148514851485,16.5,3.9,collision_intent:63;hipc_entry:39;state:63,0.25,0.3214285714285714,known_visit_core_500,10,4,8
452,known_visit,HIPC,rayleigh_style,-52.15,19,361,4,10,hipc_rayleigh_style_sens_neg52_15,known_visit_g19_t10_n500.csv,10,True,49.14043430143967,49.14043430143967,0,0,0,63,29,67,0,0,0,0,316,0,170,476,31,64,106,131,39,0.09841269841269841,17.0,3.9,collision_intent:64;hipc_entry:39;state:67,0.5,0.40671641791044766,known_visit_core_500,10,4,8
453,known_visit,HIPC,rayleigh_style,-52.15,19,361,4,10,hipc_rayleigh_style_sens_neg52_15,known_visit_g19_t10_n500.csv,10,True,33.45383700483728,33.45383700483728,0,0,0,37,20,41,0,1,0,0,224,0,116,318,28,39,77,80,36,0.1222707423580786,11.6,3.6,collision_intent:39;hipc_entry:36;state:41,0.3999999999999999,0.39634146341463405,known_visit_core_500,10,4,8
454,known_visit,HIPC,rayleigh_style,-52.15,19,361,4,10,hipc_rayleigh_style_sens_neg52_15,known_visit_g19_t10_n500.csv,10,True,66.20155893354577,66.20155893354577,0,0,0,45,39,49,0,0,0,0,476,0,141,389,33,47,94,96,45,0.11743772241992882,14.1,4.5,collision_intent:47;hipc_entry:45;state:49,0.6000000000000001,0.596938775510204,known_visit_core_500,10,4,8
455,known_visit,HIPC,rayleigh_style,-52.15,19,361,4,10,hipc_rayleigh_style_sens_neg52_15,known_visit_g19_t10_n500.csv,10,True,66.19838053112147,66.19838053112147,0,0,0,42,37,46,0,0,0,0,480,0,160,443,34,44,116,90,70,0.09855072463768116,16.0,7.0,collision_intent:44;hipc_entry:70;state:46,0.7,0.6195652173913044,known_visit_core_500,10,4,8
456,known_visit,HIPC,rayleigh_style,-52.15,19,361,4,10,hipc_rayleigh_style_sens_neg52_15,known_visit_g19_t10_n500.csv,10,True,73.44596473588058,73.44596473588058,0,0,0,47,43,50,1,0,0,0,530,0,148,416,27,49,99,100,48,0.09121621621621621,14.8,4.8,collision_intent:49;hipc_entry:48;state:51,0.6000000000000001,0.6399999999999999,known_visit_core_500,10,4,8
457,known_visit,HIPC,rayleigh_style,-52.15,19,361,4,10,hipc_rayleigh_style_sens_neg52_15,known_visit_g19_t10_n500.csv,10,True,38.420864154169934,38.420864154169934,0,0,0,51,23,55,0,0,0,0,243,0,135,373,30,53,82,108,27,0.12295081967213115,13.5,2.7,collision_intent:53;hipc_entry:27;state:55,0.3999999999999999,0.3500000000000001,known_visit_core_500,10,4,8
458,known_visit,HIPC,rayleigh_style,-52.15,19,361,4,10,hipc_rayleigh_style_sens_neg52_15,known_visit_g19_t10_n500.csv,10,True,44.26284230206118,44.26284230206118,0,0,0,51,26,55,0,0,0,0,292,0,157,438,31,51,106,106,51,0.0981012658227848,15.7,5.1,collision_intent:51;hipc_entry:51;state:55,0.5,0.46818181818181825,known_visit_core_500,10,4,8
459,known_visit,HIPC,rayleigh_style,-52.15,19,361,4,10,hipc_rayleigh_style_sens_neg52_15,known_visit_g19_t10_n500.csv,10,True,74.06974684978088,74.06974684978088,0,0,0,55,42,59,0,0,0,0,526,0,165,449,43,58,107,117,48,0.13522012578616352,16.5,4.8,collision_intent:58;hipc_entry:48;state:59,0.55,0.5550847457627119,known_visit_core_500,10,4,8
460,known_visit,HIPC,rayleigh_style,-52.15,19,361,4,10,hipc_rayleigh_style_sens_neg52_15,known_visit_g19_t10_n500.csv,10,True,41.87050746276626,41.87050746276626,0,0,0,58,25,61,1,0,0,0,263,0,147,415,23,61,86,123,24,0.09019607843137255,14.7,2.4,collision_intent:61;hipc_entry:24;state:62,0.25,0.32377049180327866,known_visit_core_500,10,4,8
461,known_visit,HIPC,rayleigh_style,-52.15,19,361,4,10,hipc_rayleigh_style_sens_neg52_15,known_visit_g19_t10_n500.csv,10,True,56.04944607693438,56.04944607693438,0,0,0,49,32,53,0,0,0,0,389,0,134,375,25,52,82,105,29,0.10245901639344263,13.4,2.9,collision_intent:52;hipc_entry:29;state:53,0.3999999999999999,0.48584905660377364,known_visit_core_500,10,4,8
462,known_visit,HIPC,rayleigh_style,-52.15,19,361,4,10,hipc_rayleigh_style_sens_neg52_15,known_visit_g19_t10_n500.csv,10,True,49.728113863556466,49.728113863556466,1,1,1,51,29,54,1,1,0,0,335,0,145,387,45,53,92,108,37,0.16483516483516483,14.5,3.7,collision_intent:53;hipc_entry:37;state:55,0.5,0.4722222222222223,known_visit_core_500,10,4,8
463,known_visit,HIPC,rayleigh_style,-52.15,19,361,4,10,hipc_rayleigh_style_sens_neg52_15,known_visit_g19_t10_n500.csv,10,True,64.7879751169114,64.7879751169114,0,0,0,63,38,67,0,0,0,0,438,0,169,475,30,65,104,132,37,0.0967741935483871,16.9,3.7,collision_intent:65;hipc_entry:37;state:67,0.5,0.48134328358208944,known_visit_core_500,10,4,8
464,known_visit,HIPC,rayleigh_style,-52.15,19,361,4,10,hipc_rayleigh_style_sens_neg52_15,known_visit_g19_t10_n500.csv,10,True,53.15078673748665,53.15078673748665,0,0,0,50,31,54,0,0,0,0,363,0,168,458,43,52,116,106,62,0.1246376811594203,16.8,6.2,collision_intent:52;hipc_entry:62;state:54,0.6000000000000001,0.5092592592592593,known_visit_core_500,10,4,8
465,known_visit,HIPC,rayleigh_style,-52.15,19,361,4,10,hipc_rayleigh_style_sens_neg52_15,known_visit_g19_t10_n500.csv,10,True,39.835367555882335,39.835367555882335,0,0,0,48,23,52,0,0,0,0,258,0,143,397,30,50,93,102,41,0.10830324909747292,14.3,4.1,collision_intent:50;hipc_entry:41;state:52,0.3500000000000001,0.34615384615384626,known_visit_core_500,10,4,8
466,known_visit,HIPC,rayleigh_style,-52.15,19,361,4,10,hipc_rayleigh_style_sens_neg52_15,known_visit_g19_t10_n500.csv,10,True,73.21608121323369,73.21608121323369,0,0,0,53,42,57,0,0,0,0,520,0,158,448,23,55,103,112,46,0.07516339869281045,15.8,4.6,collision_intent:55;hipc_entry:46;state:57,0.6000000000000001,0.5570175438596492,known_visit_core_500,10,4,8
467,known_visit,HIPC,rayleigh_style,-52.15,19,361,4,10,hipc_rayleigh_style_sens_neg52_15,known_visit_g19_t10_n500.csv,10,True,50.321454444302944,50.321454444302944,0,0,0,52,26,56,0,0,0,0,340,0,150,420,28,54,96,110,40,0.0979020979020979,15.0,4.0,collision_intent:54;hipc_entry:40;state:56,0.44999999999999996,0.3660714285714286,known_visit_core_500,10,4,8
468,known_visit,HIPC,rayleigh_style,-52.15,19,361,4,10,hipc_rayleigh_style_sens_neg52_15,known_visit_g19_t10_n500.csv,10,True,48.04359104527087,48.04359104527087,0,0,0,42,28,46,0,0,0,0,333,0,147,396,42,45,102,91,56,0.13861386138613863,14.7,5.6,collision_intent:45;hipc_entry:56;state:46,0.3999999999999999,0.40217391304347827,known_visit_core_500,10,4,8
469,known_visit,HIPC,rayleigh_style,-52.15,19,361,4,10,hipc_rayleigh_style_sens_neg52_15,known_visit_g19_t10_n500.csv,10,True,70.32494140772302,70.32494140772302,0,0,0,60,40,64,0,0,0,0,487,0,182,501,42,62,120,126,56,0.11764705882352941,18.2,5.6,collision_intent:62;hipc_entry:56;state:64,0.6499999999999999,0.5390625,known_visit_core_500,10,4,8
470,known_visit,HIPC,rayleigh_style,-52.15,19,361,4,10,hipc_rayleigh_style_sens_neg52_15,known_visit_g19_t10_n500.csv,10,True,33.00096138373782,33.00096138373782,0,0,0,37,19,41,0,0,0,0,223,0,111,310,21,38,73,79,32,0.0967741935483871,11.1,3.2,collision_intent:38;hipc_entry:32;state:41,0.55,0.45731707317073167,known_visit_core_500,10,4,8
471,known_visit,HIPC,rayleigh_style,-52.15,19,361,4,10,hipc_rayleigh_style_sens_neg52_15,known_visit_g19_t10_n500.csv,10,True,57.04014521327405,57.04014521327405,0,0,0,38,33,42,0,0,0,0,411,0,151,406,44,41,110,83,68,0.1345565749235474,15.1,6.8,collision_intent:41;hipc_entry:68;state:42,0.6000000000000001,0.5833333333333333,known_visit_core_500,10,4,8
472,known_visit,HIPC,rayleigh_style,-52.15,19,361,4,10,hipc_rayleigh_style_sens_neg52_15,known_visit_g19_t10_n500.csv,10,True,67.4112330198563,67.4112330198563,0,0,0,48,39,52,0,0,0,0,483,0,148,404,37,51,97,103,45,0.1284722222222222,14.8,4.5,collision_intent:51;hipc_entry:45;state:52,0.6000000000000001,0.5192307692307692,known_visit_core_500,10,4,8
473,known_visit,HIPC,rayleigh_style,-52.15,19,361,4,10,hipc_rayleigh_style_sens_neg52_15,known_visit_g19_t10_n500.csv,10,True,68.95682441433924,68.95682441433924,0,0,0,51,40,55,0,0,0,0,489,0,158,435,37,53,105,108,50,0.1182108626198083,15.8,5.0,collision_intent:53;hipc_entry:50;state:55,0.55,0.5863636363636364,known_visit_core_500,10,4,8
474,known_visit,HIPC,rayleigh_style,-52.15,19,361,4,10,hipc_rayleigh_style_sens_neg52_15,known_visit_g19_t10_n500.csv,10,True,55.113051312602614,55.113051312602614,0,0,0,54,32,58,0,0,0,0,372,0,167,460,39,57,110,115,52,0.11890243902439024,16.7,5.2,collision_intent:57;hipc_entry:52;state:58,0.5,0.4655172413793103,known_visit_core_500,10,4,8
475,known_visit,HIPC,rayleigh_style,-52.15,19,361,4,10,hipc_rayleigh_style_sens_neg52_15,known_visit_g19_t10_n500.csv,10,True,42.68859038556076,42.68859038556076,0,0,0,53,25,57,0,0,0,0,276,0,163,445,42,55,108,112,51,0.13043478260869565,16.3,5.1,collision_intent:55;hipc_entry:51;state:57,0.44999999999999996,0.41666666666666674,known_visit_core_500,10,4,8
476,known_visit,HIPC,rayleigh_style,-52.15,19,361,4,10,hipc_rayleigh_style_sens_neg52_15,known_visit_g19_t10_n500.csv,10,True,48.91616145559951,48.91616145559951,0,0,0,53,28,57,0,1,0,0,325,0,150,410,37,55,95,112,38,0.13120567375886524,15.0,3.8,collision_intent:55;hipc_entry:38;state:57,0.55,0.4429824561403508,known_visit_core_500,10,4,8
477,known_visit,HIPC,rayleigh_style,-52.15,19,361,4,10,hipc_rayleigh_style_sens_neg52_15,known_visit_g19_t10_n500.csv,10,True,63.77991964130061,63.77991964130061,0,0,0,52,37,56,0,0,0,0,448,0,144,407,23,53,91,109,35,0.08487084870848709,14.4,3.5,collision_intent:53;hipc_entry:35;state:56,0.6000000000000001,0.5625,known_visit_core_500,10,4,8
478,known_visit,HIPC,rayleigh_style,-52.15,19,361,4,10,hipc_rayleigh_style_sens_neg52_15,known_visit_g19_t10_n500.csv,10,True,59.29663903438374,59.29663903438374,1,1,1,52,34,55,1,1,0,0,411,0,173,477,39,56,117,112,61,0.11206896551724138,17.3,6.1,collision_intent:56;hipc_entry:61;state:56,0.6000000000000001,0.49545454545454537,known_visit_core_500,10,4,8
479,known_visit,HIPC,rayleigh_style,-52.15,19,361,4,10,hipc_rayleigh_style_sens_neg52_15,known_visit_g19_t10_n500.csv,10,True,66.94395662150512,66.94395662150512,0,0,0,52,39,55,1,0,0,0,470,0,144,390,40,54,90,110,34,0.14925373134328357,14.4,3.4,collision_intent:54;hipc_entry:34;state:56,0.55,0.55,known_visit_core_500,10,4,8
480,known_visit,HIPC,rayleigh_style,-52.15,19,361,4,10,hipc_rayleigh_style_sens_neg52_15,known_visit_g19_t10_n500.csv,10,True,77.86899117366707,77.86899117366707,0,0,0,76,45,79,1,0,0,0,527,0,205,577,35,78,127,158,47,0.09259259259259259,20.5,4.7,collision_intent:78;hipc_entry:47;state:80,0.55,0.4272151898734178,known_visit_core_500,10,4,8
481,known_visit,HIPC,rayleigh_style,-52.15,19,361,4,10,hipc_rayleigh_style_sens_neg52_15,known_visit_g19_t10_n500.csv,10,True,51.0639527503946,51.0639527503946,0,0,0,50,30,54,0,0,0,0,348,0,152,428,25,53,99,107,45,0.08503401360544217,15.2,4.5,collision_intent:53;hipc_entry:45;state:54,0.30000000000000004,0.41666666666666674,known_visit_core_500,10,4,8
482,known_visit,HIPC,rayleigh_style,-52.15,19,361,4,10,hipc_rayleigh_style_sens_neg52_15,known_visit_g19_t10_n500.csv,10,True,50.97612253820093,50.97612253820093,0,0,0,46,30,50,0,0,0,0,352,0,124,346,24,49,75,99,25,0.10762331838565023,12.4,2.5,collision_intent:49;hipc_entry:25;state:50,0.30000000000000004,0.48,known_visit_core_500,10,4,8
483,known_visit,HIPC,rayleigh_style,-52.15,19,361,4,10,hipc_rayleigh_style_sens_neg52_15,known_visit_g19_t10_n500.csv,10,True,39.0804407200202,39.0804407200202,0,0,0,46,23,50,0,0,0,0,256,0,154,426,33,48,106,98,56,0.10476190476190476,15.4,5.6,collision_intent:48;hipc_entry:56;state:50,0.55,0.44999999999999996,known_visit_core_500,10,4,8
484,known_visit,HIPC,rayleigh_style,-52.15,19,361,4,10,hipc_rayleigh_style_sens_neg52_15,known_visit_g19_t10_n500.csv,10,True,55.43420122473059,55.43420122473059,0,0,0,56,29,60,0,1,0,0,375,0,160,447,31,61,99,121,39,0.10508474576271186,16.0,3.9,collision_intent:61;hipc_entry:39;state:60,0.44999999999999996,0.45833333333333326,known_visit_core_500,10,4,8
485,known_visit,HIPC,rayleigh_style,-52.15,19,361,4,10,hipc_rayleigh_style_sens_neg52_15,known_visit_g19_t10_n500.csv,10,True,41.99995137369043,41.99995137369043,0,0,0,51,25,55,0,0,0,0,271,0,134,374,25,53,81,108,26,0.10416666666666667,13.4,2.6,collision_intent:53;hipc_entry:26;state:55,0.3999999999999999,0.38636363636363646,known_visit_core_500,10,4,8
486,known_visit,HIPC,rayleigh_style,-52.15,19,361,4,10,hipc_rayleigh_style_sens_neg52_15,known_visit_g19_t10_n500.csv,10,True,63.1604277508386,63.1604277508386,0,0,0,52,37,56,0,0,0,0,442,0,170,482,25,54,116,110,60,0.07246376811594203,17.0,6.0,collision_intent:54;hipc_entry:60;state:56,0.44999999999999996,0.5178571428571428,known_visit_core_500,10,4,8
487,known_visit,HIPC,rayleigh_style,-52.15,19,361,4,10,hipc_rayleigh_style_sens_neg52_15,known_visit_g19_t10_n500.csv,10,True,73.74053657117665,73.74053657117665,0,0,0,47,42,51,0,0,0,0,535,0,161,431,49,49,112,100,61,0.14714714714714713,16.1,6.1,collision_intent:49;hipc_entry:61;state:51,0.6000000000000001,0.6323529411764706,known_visit_core_500,10,4,8
488,known_visit,HIPC,rayleigh_style,-52.15,19,361,4,10,hipc_rayleigh_style_sens_neg52_15,known_visit_g19_t10_n500.csv,10,True,69.43264517738035,69.43264517738035,0,0,0,56,40,59,1,1,0,0,490,0,187,521,37,58,129,118,69,0.09635416666666667,18.7,6.9,collision_intent:58;hipc_entry:69;state:60,0.5,0.5296610169491525,known_visit_core_500,10,4,8
489,known_visit,HIPC,rayleigh_style,-52.15,19,361,4,10,hipc_rayleigh_style_sens_neg52_15,known_visit_g19_t10_n500.csv,10,True,65.46652852253231,65.46652852253231,0,0,0,44,38,48,0,0,0,0,470,0,144,396,34,46,98,94,50,0.11643835616438356,14.4,5.0,collision_intent:46;hipc_entry:50;state:48,0.6000000000000001,0.6145833333333333,known_visit_core_500,10,4,8
490,known_visit,HIPC,rayleigh_style,-52.15,19,361,4,10,hipc_rayleigh_style_sens_neg52_15,known_visit_g19_t10_n500.csv,10,True,63.488891261497244,63.488891261497244,0,0,0,58,37,62,0,2,0,0,438,0,205,565,48,60,145,122,83,0.11085450346420324,20.5,8.3,collision_intent:60;hipc_entry:83;state:62,0.55,0.5241935483870968,known_visit_core_500,10,4,8
491,known_visit,HIPC,rayleigh_style,-52.15,19,361,4,10,hipc_rayleigh_style_sens_neg52_15,known_visit_g19_t10_n500.csv,10,True,85.21071933098412,85.21071933098412,0,0,0,59,50,63,0,0,0,0,608,0,166,445,51,60,106,123,43,0.16139240506329114,16.6,4.3,collision_intent:60;hipc_entry:43;state:63,0.6000000000000001,0.6309523809523809,known_visit_core_500,10,4,8
492,known_visit,HIPC,rayleigh_style,-52.15,19,361,4,10,hipc_rayleigh_style_sens_neg52_15,known_visit_g19_t10_n500.csv,10,True,44.89174472756458,44.89174472756458,0,0,0,45,26,49,0,0,0,0,304,0,126,357,18,47,79,96,30,0.07692307692307693,12.6,3.0,collision_intent:47;hipc_entry:30;state:49,0.3999999999999999,0.403061224489796,known_visit_core_500,10,4,8
493,known_visit,HIPC,rayleigh_style,-52.15,19,361,4,10,hipc_rayleigh_style_sens_neg52_15,known_visit_g19_t10_n500.csv,10,True,91.71983061381736,91.71983061381736,0,0,0,62,53,66,0,1,0,0,656,0,177,490,38,63,114,129,48,0.11209439528023599,17.7,4.8,collision_intent:63;hipc_entry:48;state:66,0.6499999999999999,0.6363636363636365,known_visit_core_500,10,4,8
494,known_visit,HIPC,rayleigh_style,-52.15,19,361,4,10,hipc_rayleigh_style_sens_neg52_15,known_visit_g19_t10_n500.csv,10,True,73.74490443794626,73.74490443794626,0,0,0,46,42,50,0,0,0,0,536,0,145,383,50,47,98,97,48,0.17123287671232876,14.5,4.8,collision_intent:47;hipc_entry:48;state:50,0.7,0.6499999999999999,known_visit_core_500,10,4,8
495,known_visit,HIPC,rayleigh_style,-52.15,19,361,4,10,hipc_rayleigh_style_sens_neg52_15,known_visit_g19_t10_n500.csv,10,True,84.60417037115793,84.60417037115793,0,0,0,72,48,76,0,0,0,0,586,0,193,532,41,75,118,151,42,0.1168091168091168,19.3,4.2,collision_intent:75;hipc_entry:42;state:76,0.6000000000000001,0.5394736842105263,known_visit_core_500,10,4,8
496,known_visit,HIPC,rayleigh_style,-52.15,19,361,4,10,hipc_rayleigh_style_sens_neg52_15,known_visit_g19_t10_n500.csv,10,True,95.52102840859509,95.52102840859509,0,0,0,60,54,64,0,0,0,0,691,0,174,473,47,62,112,126,48,0.1407185628742515,17.4,4.8,collision_intent:62;hipc_entry:48;state:64,0.7,0.65625,known_visit_core_500,10,4,8
497,known_visit,HIPC,rayleigh_style,-52.15,19,361,4,10,hipc_rayleigh_style_sens_neg52_15,known_visit_g19_t10_n500.csv,10,True,80.94044529483915,80.94044529483915,0,0,0,69,35,73,0,1,0,0,558,0,197,545,44,71,126,144,53,0.11702127659574468,19.7,5.3,collision_intent:71;hipc_entry:53;state:73,0.3500000000000001,0.38013698630136994,known_visit_core_500,10,4,8
498,known_visit,HIPC,rayleigh_style,-52.15,19,361,4,10,hipc_rayleigh_style_sens_neg52_15,known_visit_g19_t10_n500.csv,10,True,48.32875941624997,48.32875941624997,0,0,0,46,28,50,0,0,0,0,333,0,157,437,31,49,108,99,58,0.09657320872274143,15.7,5.8,collision_intent:49;hipc_entry:58;state:50,0.44999999999999996,0.41999999999999993,known_visit_core_500,10,4,8
499,known_visit,HIPC,rayleigh_style,-52.15,19,361,4,10,hipc_rayleigh_style_sens_neg52_15,known_visit_g19_t10_n500.csv,10,True,59.64356649316739,59.64356649316739,0,0,0,54,34,58,0,0,0,0,411,0,179,486,48,58,121,116,63,0.13333333333333333,17.9,6.3,collision_intent:58;hipc_entry:63;state:58,0.5,0.5172413793103448,known_visit_core_500,10,4,8
